7406838339
7406894598
7406874286
7406896936
7406827002
7406811495
7406857498
7406851035
7406860411
7406869848
7406822789
7406862591
7406849890
7406816768
7406807985
7406817205
7406877705
7406888177
7406810317
7406883394
7406821704
7406821715
7406833487
7406841030
7406855275
7406819206
7406852420
7406857093
7406884210
7406822744
7406827461
7406880092
7406895987
7406847681
7406808455
7406817856
7406881365
7406828442
7406836095
7406807102
7406871509
7406847355
7406894199
7406870967
7406824018
7406804418
7406852362
7406816599
7406860285
7406809402
7406825306
7406830314
7406851186
7406875467
7406894266
7406897070
7406825935
7406836279
7406833100
7406806352
7406884871
7406833225
7406865846
7406898859
7406845007
7406852914
7406893741
7406878679
7406860719
7406849294
7406880890
7406829492
7406868347
7406857409
7406809784
7406845512
7406857809
7406880582
7406895202
7406834657
7406889684
7406819277
7406863324
7406862637
7406825393
7406838317
7406813199
7406857966
7406818951
7406876938
7406835859
7406817591
7406803350
7406823280
7406808422
7406837056
7406832201
7406850231
7406837564
7406833431
7406831294
7406836537
7406879902
7406811837
7406872220
7406840380
7406842831
7406809526
7406875815
7406831312
7406839785
7406842776
7406828025
7406865700
7406817976
7406869720
7406887092
7406852356
7406824972
7406855796
7406878005
7406808378
7406833728
7406883647
7406858530
7406824886
7406805206
7406891040
7406878551
7406842376
7406887131
7406885565
7406862214
7406813656
7406803232
7406842237
7406862483
7406802115
7406839284
7406886848
7406838047
7406876421
7406826460
7406819924
7406850345
7406893747
7406840038
7406836644
7406822090
7406840881
7406869895
7406876052
7406895976
7406892578
7406858084
7406838148
7406825635
7406819872
7406803209
7406899621
7406883854
7406857816
7406828354
7406882112
7406855776
7406876295
7406890791
7406855775
7406847056
7406865832
7406837153
7406818889
7406895515
7406824399
7406897408
7406832081
7406898606
7406835965
7406845945
7406848028
7406843318
7406837596
7406843892
7406879295
7406836229
7406808850
7406833416
7406861961
7406807653
7406810334
7406856592
7406894262
7406884279
7406845047
7406873171
7406853341
7406870389
7406869583
7406853844
7406859163
7406820541
7406835892
7406819845
7406808696
7406806876
7406848608
7406870027
7406845870
7406838528
7406871749
7406893888
7406873404
7406838647
7406816953
7406871016
7406860408
7406848833
7406828573
7406805882
7406806485
7406854759
7406870314
7406873885
7406854665
7406885225
7406813316
7406827772
7406867936
7406866040
7406812078
7406862864
7406806613
7406828612
7406813613
7406859203
7406868462
7406815541
7406833833
7406814621
7406859237
7406827617
7406883920
7406860447
7406873886
7406813923
7406868747
7406846902
7406844720
7406849590
7406836764
7406813303
7406833528
7406839827
7406894816
7406899193
7406879087
7406861442
7406822082
7406802343
7406857358
7406888979
7406843993
7406893811
7406835677
7406854478
7406888285
7406841081
7406852491
7406879483
7406831074
7406882511
7406867877
7406834853
7406884237
7406856994
7406853629
7406838712
7406897653
7406821354
7406824145
7406879650
7406843426
7406865498
7406874142
7406896436
7406835794
7406803588
7406830737
7406887301
7406857067
7406819410
7406815318
7406843008
7406894259
7406855746
7406889454
7406815564
7406834828
7406841997
7406846620
7406874204
7406819697
7406817900
7406808743
7406843425
7406831733
7406837482
7406883989
7406842103
7406846911
7406847731
7406857034
7406883433
7406861610
7406852819
7406836820
7406895575
7406841426
7406843808
7406815474
7406882519
7406856505
7406802153
7406877774
7406832709
7406858907
7406820212
7406812848
7406885906
7406827319
7406810844
7406824325
7406826895
7406898734
7406859581
7406809970
7406883047
7406854258
7406836738
7406884932
7406852087
7406858194
7406896240
7406860428
7406838240
7406805080
7406893627
7406836165
7406844881
7406885630
7406835107
7406868927
7406879855
7406852110
7406892047
7406827203
7406889523
7406864522
7406827200
7406818457
7406859070
7406857174
7406878375
7406853003
7406829863
7406895967
7406876962
7406891244
7406895257
7406815832
7406897844
7406869238
7406879979
7406849074
7406843036
7406811304
7406812664
7406875196
7406835397
7406842826
7406827490
7406866553
7406869252
7406853981
7406870919
7406884919
7406885946
7406849886
7406880233
7406816402
7406898038
7406879455
7406811295
7406864295
7406834411
7406819528
7406818056
7406805521
7406881529
7406844124
7406834463
7406859550
7406832485
7406889590
7406813131
7406864377
7406848944
7406836282
7406867258
7406898799
7406844808
7406829195
7406825596
7406832271
7406813782
7406839772
7406842421
7406861682
7406857660
7406802387
7406855060
7406860174
7406888591
7406855161
7406844443
7406874405
7406806319
7406876553
7406859931
7406845472
7406887739
7406802685
7406851429
7406889842
7406806065
7406878835
7406876852
7406816066
7406861307
7406831537
7406842164
7406834330
7406808804
7406885823
7406852844
7406814186
7406841575
7406836851
7406889959
7406831665
7406813420
7406842704
7406811574
7406851430
7406842119
7406815534
7406825217
7406811875
7406826524
7406873112
7406887912
7406807797
7406879207
7406870106
7406821919
7406846170
7406841122
7406899653
7406865496
7406812731
7406868719
7406849137
7406845343
7406817854
7406880365
7406802294
7406885575
7406886809
7406807505
7406894360
7406829851
7406811041
7406807720
7406860973
7406837085
7406803223
7406885467
7406899384
7406877506
7406854447
7406898585
7406814795
7406887673
7406889994
7406829702
7406863051
7406819156
7406870496
7406830781
7406867167
7406896189
7406808847
7406816532
7406880229
7406868476
7406803106
7406806946
7406876653
7406832857
7406896687
7406828289
7406867228
7406869411
7406887712
7406828467
7406886568
7406885183
7406832534
7406825812
7406850008
7406846477
7406876845
7406859069
7406832348
7406846566
7406839547
7406831462
7406899739
7406880862
7406854778
7406834395
7406859624
7406873405
7406894818
7406834185
7406862035
7406867242
7406869739
7406851914
7406810253
7406868221
7406891466
7406892525
7406837765
7406892270
7406821906
7406854962
7406854645
7406810690
7406875965
7406824106
7406822262
7406894779
7406836910
7406884758
7406844787
7406852961
7406822135
7406848292
7406857032
7406891018
7406820390
7406850502
7406895650
7406809205
7406867571
7406883512
7406896740
7406896536
7406804675
7406857137
7406809341
7406831826
7406889714
7406820614
7406866561
7406895084
7406825606
7406805060
7406819289
7406856565
7406860802
7406836166
7406898558
7406863763
7406894075
7406888425
7406808385
7406859990
7406875643
7406819257
7406819330
7406807904
7406842545
7406860826
7406872378
7406898652
7406895340
7406885520
7406828046
7406828706
7406816991
7406899661
7406832105
7406861674
7406882543
7406817616
7406856486
7406829355
7406811341
7406815432
7406839560
7406817129
7406896353
7406818948
7406864171
7406830637
7406838080
7406881754
7406876423
7406852026
7406830616
7406847554
7406865341
7406821970
7406840492
7406816363
7406803855
7406899435
7406859435
7406843187
7406827357
7406816746
7406849742
7406862251
7406886673
7406846381
7406806204
7406827217
7406861134
7406846346
7406824266
7406808819
7406816653
7406885029
7406837445
7406877826
7406856939
7406857973
7406820282
7406847688
7406813634
7406820551
7406813607
7406837811
7406888313
7406879414
7406848236
7406874510
7406836735
7406811146
7406823386
7406838935
7406869985
7406814636
7406888445
7406891362
7406897805
7406862499
7406883611
7406897639
7406843512
7406842795
7406829951
7406838245
7406880356
7406840189
7406876945
7406806597
7406841836
7406821804
7406891079
7406869655
7406829727
7406823916
7406835078
7406898884
7406854626
7406898304
7406842360
7406813413
7406897385
7406871793
7406882838
7406840379
7406850925
7406806295
7406832733
7406831899
7406813860
7406897214
7406875699
7406860822
7406862241
7406820741
7406817566
7406808685
7406883033
7406812764
7406813785
7406895900
7406802020
7406819546
7406826416
7406893810
7406879139
7406891148
7406867924
7406845006
7406895289
7406887613
7406845207
7406844239
7406856770
7406822712
7406881637
7406832146
7406832924
7406860213
7406856595
7406853740
7406881841
7406866856
7406836019
7406842319
7406813479
7406857263
7406882844
7406861771
7406843237
7406880159
7406806028
7406833223
7406830403
7406864111
7406885726
7406824653
7406812365
7406819884
7406880383
7406875627
7406881699
7406887732
7406884813
7406802457
7406868239
7406827308
7406864623
7406887597
7406832743
7406847858
7406825589
7406882457
7406885443
7406809398
7406892603
7406869285
7406864134
7406855713
7406878075
7406827750
7406835931
7406870479
7406819486
7406834722
7406883017
7406893896
7406868676
7406853904
7406848677
7406879075
7406845711
7406857626
7406894599
7406877356
7406804147
7406887046
7406889500
7406820703
7406857536
7406804262
7406802911
7406813448
7406880012
7406807227
7406849479
7406858482
7406856275
7406836444
7406894359
7406849105
7406893185
7406855083
7406850026
7406820885
7406807826
7406858720
7406899829
7406883237
7406823557
7406842803
7406807673
7406843638
7406879330
7406803900
7406867638
7406876053
7406850016
7406865309
7406863475
7406840768
7406859115
7406836992
7406883266
7406888295
7406849469
7406806798
7406861389
7406883022
7406847030
7406877400
7406899989
7406868728
7406885168
7406808151
7406867207
7406886689
7406886512
7406808688
7406874093
7406802208
7406809504
7406888120
7406804743
7406841070
7406853157
7406896517
7406867654
7406841482
7406847154
7406876629
7406871003
7406825693
7406868202
7406898695
7406892797
7406805370
7406818557
7406856708
7406836261
7406874905
7406848596
7406811450
7406818868
7406821362
7406857020
7406840332
7406808302
7406851824
7406884723
7406818117
7406817098
7406848902
7406890924
7406849415
7406802516
7406894489
7406818348
7406899473
7406804127
7406899635
7406883493
7406823540
7406872965
7406863515
7406827539
7406874651
7406808169
