7417934796
7417999451
7417940137
7417914847
7417929892
7417921541
7417918158
7417999975
7417961872
7417973835
7417924025
7417932944
7417914181
7417961775
7417918804
7417970861
7417943914
7417989719
7417997367
7417990995
7417972885
7417906433
7417959545
7417993671
7417924417
7417939886
7417944012
7417906845
7417994227
7417987665
7417952406
7417990861
7417991825
7417909703
7417961745
7417985478
7417912672
7417941357
7417906899
7417924341
7417984187
7417918333
7417942667
7417957477
7417945806
7417950751
7417982760
7417963117
7417914997
7417922379
7417971278
7417938964
7417991495
7417999716
7417978331
7417955918
7417928934
7417959714
7417974091
7417906595
7417939089
7417982247
7417952476
7417941855
7417939776
7417938573
7417928349
7417949975
7417921814
7417998531
7417997598
7417977674
7417924825
7417943470
7417984025
7417937277
7417927764
7417986613
7417936655
7417998473
7417903051
7417969560
7417927281
7417938972
7417921402
7417938885
7417922761
7417993988
7417925949
7417918352
7417937161
7417968446
7417927149
7417957105
7417910879
7417978171
7417927595
7417941247
7417978089
7417985222
7417914434
7417902859
7417967412
7417988255
7417940516
7417993278
7417969890
7417956168
7417940188
7417926977
7417973104
7417956757
7417954014
7417942416
7417975634
7417981582
7417943791
7417933246
7417905548
7417993042
7417907164
7417942853
7417993202
7417902667
7417934137
7417908096
7417990458
7417972240
7417917322
7417952257
7417994931
7417992148
7417922307
7417962116
7417935773
7417932583
7417916094
7417914729
7417920990
7417918163
7417905866
7417912941
7417913264
7417941021
7417959144
7417959523
7417976862
7417998175
7417942234
7417913696
7417997976
7417966917
7417995142
7417988624
7417980509
7417945875
7417973806
7417991902
7417956723
7417979987
7417933447
7417969618
7417946246
7417915451
7417946526
7417976215
7417978815
7417915816
7417928429
7417992615
7417957597
7417940284
7417949281
7417954616
7417924965
7417922550
7417991781
7417966184
7417986450
7417997626
7417956628
7417956199
7417942518
7417963611
7417960996
7417947610
7417989635
7417916472
7417996779
7417932615
7417924050
7417937714
7417940682
7417913552
7417988170
7417925803
7417928365
7417971329
7417914313
7417940061
7417963200
7417987149
7417921267
7417922375
7417970312
7417921771
7417926506
7417942061
7417958316
7417998449
7417965388
7417939346
7417918240
7417972190
7417905469
7417972959
7417909040
7417971562
7417974801
7417985286
7417952722
7417912433
7417999404
7417954939
7417945129
7417967205
7417961904
7417966092
7417994270
7417938599
7417971392
7417970137
7417965624
7417999996
7417905112
7417916399
7417972507
7417939359
7417920952
7417906561
7417956349
7417929184
7417944546
7417980923
7417944711
7417979269
7417921819
7417998437
7417984563
7417977741
7417989806
7417932445
7417978846
7417934254
7417999659
7417935677
7417956502
7417929469
7417973975
7417943431
7417921101
7417967178
7417990449
7417928509
7417949935
7417924816
7417950517
7417944604
7417961455
7417943571
7417933392
7417910793
7417927269
7417949521
7417954462
7417908920
7417998268
7417991939
7417969373
7417942342
7417996509
7417958607
7417911445
7417964904
7417907887
7417962179
7417972287
7417978200
7417927541
7417933577
7417967217
7417945235
7417986300
7417921491
7417959682
7417915455
7417954246
7417991860
7417968528
7417970698
7417919201
7417933702
7417936334
7417918996
7417944815
7417986871
7417987018
7417959884
7417949294
7417985339
7417907735
7417958451
7417961598
7417920238
7417973056
7417915112
7417970664
7417939520
7417946026
7417968839
7417969258
7417962086
7417932945
7417999428
7417927321
7417962720
7417969220
7417902950
7417956784
7417990042
7417994774
7417975575
7417948239
7417910998
7417911300
7417969159
7417905018
7417967048
7417995805
7417936197
7417911322
7417948816
7417999042
7417934835
7417998744
7417979712
7417907813
7417985871
7417962266
7417998514
7417957728
7417975239
7417922673
7417902330
7417986855
7417906906
7417971646
7417911502
7417915404
7417907844
7417964123
7417928844
7417907155
7417972675
7417936488
7417943023
7417998557
7417982510
7417946211
7417961716
7417977881
7417951049
7417922858
7417923482
7417973071
7417905549
7417910379
7417996554
7417945154
7417994935
7417999966
7417909241
7417930352
7417926572
7417954580
7417944975
7417963362
7417935630
7417917566
7417906953
7417908264
7417951272
7417913821
7417922925
7417913226
7417995461
7417905150
7417994213
7417907828
7417905054
7417992914
7417977656
7417986057
7417951637
7417918380
7417930052
7417960217
7417993910
7417959796
7417970181
7417964830
7417966434
7417925260
7417956090
7417928436
7417970247
7417942156
7417961648
7417979285
7417946666
7417904828
7417970128
7417961472
7417938826
7417945823
7417937401
7417975034
7417973300
7417980844
7417934722
7417974826
7417989877
7417915071
7417988688
7417989148
7417980043
7417994258
7417948557
7417974566
7417965424
7417938301
7417925024
7417960682
7417965479
7417939108
7417949273
7417947479
7417972243
7417925765
7417934093
7417979664
7417966302
7417979894
7417924061
7417908972
7417978320
7417926011
7417957216
7417931412
7417985153
7417909480
7417918208
7417978726
7417931143
7417998062
7417939380
7417916110
7417910740
7417943991
7417928091
7417914385
7417918773
7417977783
7417932249
7417952613
7417941136
7417908835
7417961044
7417962023
7417933161
7417906190
7417956022
7417921377
7417958506
7417913729
7417975115
7417965963
7417927819
7417936902
7417947393
7417976994
7417937434
7417902055
7417936264
7417926136
7417998670
7417946810
7417921421
7417915742
7417947385
7417990891
7417980649
7417991715
7417919524
7417950044
7417990048
7417902536
7417951651
7417950005
7417993908
7417915273
7417948478
7417955014
7417997692
7417903170
7417986070
7417978990
7417948438
7417935067
7417947311
7417904123
7417945754
7417987973
7417943264
7417904439
7417927357
7417981058
7417992233
7417961334
7417935456
7417914302
7417928760
7417973114
7417992460
7417962673
7417960370
7417998455
7417988291
7417933707
7417964546
7417921504
7417932620
7417913909
7417955585
7417931663
7417924845
7417945119
7417978677
7417950356
7417904643
7417947291
7417908090
7417980325
7417931325
7417954126
7417928547
7417966065
7417939479
7417909636
7417954353
7417907823
7417980867
7417950245
7417972361
7417931144
7417990419
7417965727
7417914143
7417921477
7417913565
7417982806
7417940537
7417991485
7417906615
7417926342
7417972413
7417935923
7417941317
7417951168
7417960669
7417977679
7417926102
7417912026
7417926139
7417904365
7417913745
7417953468
7417971647
7417950730
7417948392
7417968753
7417932220
7417948470
7417931632
7417996306
7417956607
7417902726
7417902237
7417925756
7417988613
7417945593
7417976274
7417931804
7417904653
7417910603
7417948174
7417970930
7417938803
7417924828
7417924847
7417947636
7417934271
7417915192
7417986847
7417941099
7417921048
7417950888
7417955367
7417930950
7417973684
7417943984
7417919863
7417955428
7417933298
7417922827
7417915714
7417912027
7417997457
7417964931
7417989371
7417985289
7417939974
7417926532
7417938469
7417937417
7417906568
7417957433
7417991628
7417925254
7417906542
7417933845
7417912862
7417902596
7417917541
7417932403
7417946137
7417954727
7417974773
7417960252
7417961647
7417944383
7417936380
7417974414
7417997867
7417959541
7417921425
7417995243
7417996643
7417976289
7417953191
7417974625
7417962497
7417939056
7417958831
7417958647
7417906446
7417981557
7417920220
7417936224
7417976759
7417973874
7417971087
7417944993
7417983473
7417951381
7417968266
7417942408
7417936608
7417935142
7417962384
7417931473
7417910344
7417948894
7417955311
7417967114
7417947186
7417928374
7417952525
7417904580
7417979361
7417957772
7417954823
7417960819
7417943970
7417967379
7417973367
7417947586
7417985205
7417995755
7417959494
7417978820
7417914082
7417963205
7417962462
7417970592
7417993414
7417965301
7417950216
7417931111
7417904241
7417986454
7417950339
7417981830
7417912095
7417988856
7417970696
7417939843
7417947645
7417963208
7417980032
7417930978
7417967249
7417929978
7417903590
7417967168
7417995906
7417937604
7417995633
7417916227
7417995666
7417905555
7417960435
7417994636
7417923616
7417997116
7417991862
7417934384
7417949760
7417984122
7417903241
7417928280
7417951871
7417990447
7417908347
7417987354
7417902288
7417935589
7417978024
7417917739
7417988820
7417993651
7417970779
7417911619
7417906270
7417969231
7417903622
7417993940
7417953394
7417929375
7417976810
7417936484
7417984439
7417997504
7417933096
7417970950
7417972784
7417970644
7417930442
7417962549
7417990085
7417959140
7417955617
7417932035
7417972055
7417931006
7417956903
7417957946
7417954260
7417956458
7417963051
7417935678
7417928029
7417912708
7417965595
7417955290
7417919106
7417972991
7417996098
7417940216
7417939326
7417961781
7417905701
7417974728
7417975368
7417984135
7417912009
7417961345
7417971216
7417906111
7417996752
7417905389
7417917321
7417946733
7417910923
7417963544
7417991736
7417998621
7417924563
7417953718
7417990187
7417957873
7417964232
7417973748
7417990368
7417912537
7417939425
7417958015
7417910783
7417997340
7417931767
7417970350
7417903139
7417923812
7417963753
7417926897
7417906232
7417939068
7417957555
7417961295
7417959569
7417974447
7417948893
7417982644
7417998314
7417907993
7417904044
7417963037
7417938431
7417959034
7417930751
7417999316
7417948399
7417906063
7417918397
7417975759
7417921620
7417965092
7417944330
7417931764
