7417269623
7417280838
7417255021
7417208926
7417203749
7417245790
7417216100
7417275130
7417241155
7417270882
7417285025
7417203682
7417203767
7417296225
7417206555
7417221270
7417248742
7417256681
7417269450
7417210770
7417261369
7417257260
7417220207
7417238195
7417243014
7417258584
7417267917
7417235549
7417221588
7417260121
7417292613
7417214316
7417204872
7417298346
7417299931
7417245962
7417227600
7417216597
7417279033
7417240122
7417293920
7417203911
7417266417
7417202960
7417274351
7417206697
7417266957
7417244501
7417288867
7417262067
7417298441
7417247610
7417222792
7417252227
7417220029
7417231407
7417274163
7417257975
7417291261
7417211741
7417233228
7417228402
7417216268
7417272473
7417262867
7417285226
7417288002
7417217339
7417205088
7417203407
7417218399
7417278417
7417218354
7417278861
7417295844
7417278528
7417215976
7417291690
7417279344
7417277258
7417254347
7417277230
7417230390
7417287029
7417211036
7417270432
7417263338
7417244108
7417225181
7417240702
7417247994
7417272060
7417219701
7417296813
7417203113
7417239606
7417232296
7417270337
7417220523
7417254978
7417234735
7417210229
7417280659
7417250990
7417274698
7417229535
7417233838
7417288676
7417250243
7417240846
7417289818
7417246219
7417226201
7417278512
7417260474
7417234600
7417276330
7417231676
7417260248
7417263383
7417205510
7417270678
7417232181
7417254666
7417268219
7417223425
7417289344
7417287280
7417249972
7417284160
7417289405
7417265848
7417296746
7417264747
7417206157
7417234123
7417216157
7417236656
7417224079
7417255757
7417232875
7417224301
7417235179
7417285698
7417295405
7417285844
7417275096
7417246596
7417208080
7417257738
7417253897
7417275317
7417282226
7417259119
7417275007
7417255228
7417264859
7417258025
7417220506
7417237318
7417232327
7417281987
7417219641
7417254476
7417220268
7417237929
7417210311
7417203001
7417242823
7417282093
7417242048
7417288670
7417261365
7417295858
7417267073
7417244442
7417241256
7417217882
7417264891
7417209818
7417229602
7417225091
7417242805
7417214012
7417283827
7417223097
7417281469
7417236538
7417210839
7417250488
7417235409
7417246553
7417202182
7417230316
7417262402
7417245185
7417211148
7417229400
7417242907
7417259740
7417274211
7417268771
7417223074
7417209771
7417241763
7417227060
7417210568
7417244643
7417290958
7417279683
7417256754
7417285095
7417249939
7417266460
7417229642
7417281837
7417288196
7417248185
7417256707
7417260211
7417237030
7417216548
7417253570
7417217260
7417289207
7417236248
7417206973
7417274670
7417275142
7417278083
7417290869
7417299233
7417251702
7417263642
7417283924
7417204844
7417257714
7417293335
7417277881
7417267598
7417224353
7417265541
7417292072
7417270908
7417293805
7417204566
7417296624
7417255653
7417290945
7417241933
7417268682
7417226365
7417216931
7417224816
7417220658
7417270099
7417259572
7417236369
7417263877
7417259178
7417230441
7417244682
7417226783
7417221800
7417203528
7417230248
7417214644
7417281033
7417208940
7417230484
7417243143
7417222624
7417286834
7417202951
7417272010
7417202832
7417223446
7417289973
7417286495
7417298988
7417236881
7417219650
7417271390
7417287245
7417290746
7417287306
7417286295
7417279048
7417266632
7417214501
7417241825
7417270588
7417217604
7417233937
7417299182
7417204598
7417250798
7417253263
7417286003
7417224071
7417251818
7417249907
7417217064
7417250570
7417202504
7417258831
7417252474
7417270340
7417257116
7417264209
7417214375
7417220222
7417221781
7417273259
7417268023
7417221655
7417219059
7417261573
7417210630
7417232024
7417260198
7417254203
7417235628
7417298503
7417235090
7417277623
7417230489
7417218385
7417259592
7417289701
7417233239
7417280317
7417292816
7417221415
7417241233
7417234040
7417266493
7417255249
7417277114
7417233490
7417205668
7417209834
7417230299
7417210812
7417214461
7417237180
7417295561
7417261893
7417214400
7417205995
7417260542
7417270025
7417242566
7417227613
7417245658
7417212588
7417272942
7417211503
7417247556
7417213470
7417276143
7417204623
7417267626
7417245587
7417227906
7417246045
7417294103
7417275584
7417290983
7417203253
7417298117
7417279943
7417241809
7417254900
7417214327
7417289808
7417221613
7417257628
7417236762
7417225944
7417244404
7417256131
7417217282
7417256789
7417299107
7417214284
7417212444
7417270692
7417248733
7417261686
7417266698
7417286171
7417285884
7417285677
7417270770
7417232889
7417223151
7417236480
7417212748
7417284283
7417234106
7417273594
7417257330
7417271504
7417247985
7417272534
7417260806
7417239750
7417212478
7417245060
7417226811
7417229246
7417205441
7417225880
7417213502
7417292189
7417256162
7417218408
7417232922
7417210678
7417246615
7417239676
7417246379
7417275457
7417283412
7417218764
7417261882
7417238897
7417213341
7417206335
7417211857
7417286293
7417277866
7417245433
7417213847
7417275944
7417286112
7417273877
7417273401
7417212253
7417231878
7417231578
7417267304
7417267857
7417219671
7417287169
7417275655
7417256698
7417267579
7417288616
7417229199
7417203868
7417226025
7417251179
7417213154
7417269367
7417210445
7417297476
7417226112
7417262039
7417223776
7417204470
7417263499
7417274910
7417296656
7417269545
7417240609
7417278467
7417297530
7417212075
7417214788
7417227376
7417279525
7417293048
7417213220
7417298881
7417258696
7417205892
7417282263
7417248272
7417209676
7417292794
7417257379
7417245307
7417255588
7417288311
7417267827
7417236010
7417217675
7417254651
7417269769
7417225983
7417253064
7417232881
7417245792
7417206188
7417244497
7417271502
7417253705
7417241143
7417238257
7417267481
7417275363
7417291534
7417255260
7417204462
7417294246
7417276661
7417202172
7417245881
7417219477
7417223229
7417234614
7417208233
7417236200
7417284878
7417207345
7417267919
7417279668
7417252769
7417264619
7417203646
7417261750
7417206362
7417298871
7417293561
7417209817
7417235434
7417225294
7417272430
7417234317
7417253891
7417220050
7417250655
7417204558
7417278744
7417260050
7417240580
7417209043
7417256730
7417287926
7417218837
7417216639
7417225112
7417274605
7417216789
7417233461
7417263217
7417294031
7417210109
7417208749
7417291269
7417219776
7417248507
7417275723
7417222669
7417209878
7417266523
7417261333
7417221621
7417296077
7417204713
7417203288
7417234808
7417223803
7417277194
7417265972
7417214542
7417248033
7417283690
7417293218
7417261662
7417272382
7417211518
7417288653
7417218477
7417221724
7417299719
7417252806
7417213919
7417210379
7417213608
7417283850
7417284155
7417265975
7417280551
7417262465
7417278955
7417288545
7417231976
7417203607
7417261721
7417239473
7417271136
7417291912
7417297977
7417255584
7417247820
7417270754
7417266583
7417272474
7417206056
7417217002
7417216392
7417228062
7417274344
7417254104
7417227547
7417252119
7417260108
7417217407
7417244516
7417226076
7417242447
7417294165
7417234968
7417217511
7417214208
7417265235
7417290929
7417230256
7417219974
7417278647
7417220087
7417276348
7417239247
7417227949
7417299172
7417284411
7417283022
7417254349
7417268032
7417287502
7417241326
7417221093
7417283589
7417266934
7417212306
7417262406
7417217161
7417273088
7417265567
7417281546
7417253025
7417253880
7417235537
7417207068
7417208613
7417277181
7417294598
7417221947
7417266524
7417248762
7417226532
7417207191
7417212673
7417292684
7417214502
7417293465
7417240599
7417246348
7417206342
7417224050
7417254903
7417237792
7417283165
7417237948
7417260377
7417261507
7417257362
7417251712
7417280669
7417229251
7417221626
7417260954
7417244874
7417295906
7417277546
7417289320
7417204495
7417272000
7417250055
7417223927
7417212135
7417237251
7417298490
7417215654
7417210055
7417212275
7417294972
7417221237
7417221028
7417264145
7417280809
7417216054
7417214348
7417245850
7417204244
7417295144
7417212317
7417247528
7417218207
7417253712
7417244509
7417230932
7417214273
7417264935
7417280717
7417291110
7417264950
7417229725
7417297758
7417260950
7417223008
7417234890
7417215609
7417252451
7417235740
7417232512
7417205836
7417211283
7417254253
7417298270
7417279670
7417207521
7417223055
7417255383
7417298580
7417289393
7417217137
7417274347
7417253714
7417248090
7417203456
7417268275
7417221435
7417268658
7417222341
7417293520
7417259584
7417260719
7417217612
7417274443
7417211032
7417215172
7417268838
7417216972
7417208467
7417208508
7417242785
7417272255
7417246235
7417270310
7417264240
7417212921
7417279865
7417247390
7417202524
7417245128
7417248089
7417245593
7417202887
7417241456
7417290267
7417264808
7417214521
7417282975
7417267136
7417227981
7417279806
7417246756
7417208474
7417267370
7417263291
7417216447
7417259530
7417240528
7417206433
7417239991
7417252674
7417298721
7417267674
7417271242
7417268695
7417237508
7417247576
7417220827
7417263818
7417213609
7417274624
7417215376
7417272111
7417280192
7417275477
7417276020
7417219429
7417249582
7417253738
7417212375
7417264267
7417276200
7417299851
7417203893
7417236022
7417284420
7417235974
7417211524
7417262442
7417244473
7417294309
7417265803
7417282887
7417254105
7417260970
7417248760
7417267047
7417211711
7417261990
7417261429
7417289997
7417217566
7417256955
7417298047
7417264977
7417289118
7417288110
7417204823
7417291770
7417285324
7417233457
7417279564
7417235418
7417229230
7417244203
7417261036
7417205605
7417286504
7417206924
7417251651
7417281055
7417250938
7417220409
7417296241
7417206729
7417243094
7417278157
7417241335
7417237136
7417249037
7417255370
7417203145
7417210718
7417274254
7417276071
7417203063
7417232577
7417248348
7417235547
7417296563
7417234273
7417241712
7417207469
7417263930
7417291392
7417299339
7417202188
7417254401
7417206866
7417277836
7417288675
7417287820
7417291587
7417232316
7417241753
7417221269
7417265233
7417298756
7417298372
7417247689
7417247714
7417235089
7417212920
7417268860
7417206758
7417238929
7417246655
7417267966
7417225540
7417283941
7417208329
7417213655
7417278177
7417254827
7417267880
7417272743
7417220719
7417242304
7417280240
7417254219
7417270593
7417260251
7417209150
7417276263
7417285182
7417246634
7417288690
7417269503
7417221901
7417264823
7417292999
7417278758
7417256594
7417274348
7417275631
7417253044
7417215134
7417211446
7417261976
7417247538
7417253657
7417286889
7417294090
7417257910
7417258567
7417299890
7417257981
7417239369
7417256734
7417256664
7417216737
7417203165
7417239587
7417250647
7417257566
7417252793
7417203391
7417278856
7417231634
7417265655
7417239923
7417260828
7417202482
7417252390
7417297998
7417239336
7417267750
7417290044
7417299198
7417285758
7417268638
7417289136
7417290755
7417268793
7417228068
7417264335
7417215698
7417238528
7417293396
7417204103
7417267406
7417219599
7417235199
7417266115
7417266842
7417202783
7417240805
7417206683
7417255999
7417295812
7417211404
7417251374
7417274752
7417214296
7417211705
7417289927
7417227097
7417262063
7417210268
7417202638
7417274618
7417241421
7417240445
7417269628
7417265666
7417272678
7417286014
7417274040
7417207770
7417205719
7417252723
7417246784
7417287289
7417299320
7417205394
7417282528
7417283283
7417259870
7417214781
7417260231
7417213815
7417233039
7417247848
7417276628
7417229350
7417229813
7417214454
7417292987
7417268331
7417273531
7417206827
7417229956
7417253973
7417212239
7417283687
7417207100
7417287006
7417261173
7417239698
7417232768
7417266595
7417253369
7417207263
7417280472
7417232753
7417213118
7417227682
7417203952
7417245040
7417260596
7417286514
7417208933
7417230904
7417290417
7417284077
7417213288
7417284726
7417277118
7417299483
7417246321
7417286168
7417285708
7417215541
7417244156
7417267053
7417272001
7417249961
7417269176
7417297985
7417203274
7417204272
7417297769
7417287864
7417289280
7417212448
7417256968
7417282026
7417236740
7417264295
7417272459
7417277651
7417263378
7417296726
7417217406
7417293401
7417263369
7417230701
7417212587
7417271536
7417230952
7417254036
7417212791
7417245941
7417213358
7417272937
7417274637
7417270123
7417251609
7417261342
7417212864
7417224299
7417246622
7417206940
7417255511
7417236509
7417277183
7417214445
7417252523
7417276691
7417249281
7417232546
7417250624
7417235475
7417249552
7417240198
7417209588
7417292769
7417291208
7417202462
7417262783
7417295257
7417257794
7417229480
7417276392
7417203665
7417291304
7417255676
7417297506
7417256014
7417223851
7417229581
7417208907
7417263354
7417274189
7417249604
7417239718
7417251639
7417265006
7417227168
7417244143
7417279771
7417228031
7417289453
7417214708
7417256081
7417230661
7417225874
7417287235
7417224454
7417278521
7417257588
7417256610
7417218304
7417206741
7417252647
7417232713
7417250928
7417249097
7417224543
7417242302
7417245117
7417299692
7417218928
7417298415
7417292813
7417264909
7417265277
7417216307
7417227791
7417286184
7417218321
7417226367
7417288818
7417262539
7417297803
7417223391
7417230656
7417207033
7417288831
7417233626
7417298998
7417209328
7417286074
7417247934
7417241683
7417229248
7417232521
7417234858
7417243800
7417256736
7417267773
7417261158
7417207663
7417219626
7417242032
7417208218
7417240980
7417206010
7417285773
7417218133
7417257265
7417262702
7417284220
7417291969
7417220392
7417249111
7417297555
7417258094
7417238769
7417202661
7417289609
7417212994
7417293050
7417268371
7417248868
7417260781
7417262834
7417230714
7417242693
7417229113
7417208192
7417222340
7417277650
7417289574
7417284898
7417268418
7417266233
7417208793
7417255279
7417202595
7417258817
7417265654
7417263037
7417262111
7417242319
7417274354
7417206899
7417229184
7417250764
7417236198
7417242053
7417260726
7417293528
7417241838
7417222037
7417277830
7417218360
7417232308
7417204491
7417257277
7417265315
7417280971
7417261712
7417280242
7417243228
7417284881
7417277531
7417205954
7417299051
7417284919
7417286783
7417252961
7417255969
7417245202
7417283360
7417238418
7417236942
7417257243
7417216924
7417258887
7417262610
7417241839
7417248106
7417217306
7417249239
7417215651
7417238838
7417280588
7417287368
7417253290
7417254125
7417271391
7417298423
7417245630
7417227000
7417243555
7417262231
7417206533
7417235852
7417219594
7417228264
7417265210
7417292861
7417209758
7417295915
7417253164
7417246214
7417234691
7417265108
7417234393
7417234646
7417219579
7417281132
7417289239
7417203420
7417231312
7417261823
7417225409
7417280388
7417279290
7417244377
7417281396
7417254311
7417277068
7417248960
7417230901
7417208800
7417268531
7417253644
7417262728
7417297876
7417274076
7417206492
7417278061
7417285092
7417214394
7417204401
7417212346
7417269377
7417264781
7417283039
7417271541
7417292624
7417211687
7417249865
7417290638
7417254899
7417239193
7417294004
7417275478
7417254912
7417224888
7417243908
7417209693
7417238980
7417237906
7417280115
7417246409
7417292335
7417215489
7417222828
7417273674
7417289684
7417295567
7417286263
7417213826
7417217410
7417222732
7417226081
7417231331
7417206359
7417227102
7417249431
7417216978
7417204783
7417233963
7417260509
7417206813
7417261296
7417221776
7417277615
7417218533
7417271369
7417271017
7417294272
7417275229
7417278638
7417245143
7417282761
7417259349
7417269409
7417203970
7417295018
7417236176
7417213577
7417286802
7417246352
7417261278
7417206618
7417246937
7417265961
7417248716
7417267335
7417239325
7417269453
7417241219
7417205916
7417234907
7417244999
7417202068
7417286578
7417261861
7417233726
7417210515
7417265097
7417262024
7417236607
7417218189
7417241195
7417261437
7417213050
7417215114
7417221518
7417239624
7417205491
7417208205
7417244653
7417272285
7417253293
7417255355
7417234986
7417279379
7417270199
7417298098
7417279142
7417272350
7417240132
7417293493
7417238536
7417289354
7417202285
7417258913
7417214814
7417211301
7417293968
7417216267
7417284866
7417255848
7417221007
7417214982
7417267482
7417246638
7417209151
7417281582
7417292903
7417290970
7417210473
7417226157
7417277976
7417267559
7417283694
7417209298
7417217088
7417281376
7417284262
7417245090
7417235984
7417282475
7417233489
7417298335
7417298735
7417203178
7417284344
7417228059
7417282764
7417239864
7417266038
7417216147
7417248512
7417255394
7417235610
7417273217
7417277215
7417210277
7417231027
7417295843
7417295978
7417215509
7417272102
7417216001
7417239723
7417232430
7417219448
7417277664
7417269661
7417250271
7417283512
7417249780
7417245395
7417237713
7417266760
7417246392
7417275680
7417299115
7417221775
7417269864
7417203441
7417292862
7417209385
7417216140
7417243461
7417231362
7417230698
7417244357
7417278415
7417253701
7417211584
7417241948
7417238414
7417218796
7417213147
7417252209
7417230547
7417221230
7417274690
7417295288
7417214871
7417213463
7417297697
7417262756
7417227429
