7441861087
7441874213
7441818199
7441808542
7441813662
7441862008
7441884852
7441802706
7441845065
7441854947
7441804988
7441813459
7441836875
7441803710
7441874862
7441804404
7441889693
7441828763
7441849869
7441813313
7441871365
7441818398
7441884759
7441899101
7441841234
7441845853
7441826159
7441802407
7441814482
7441824943
7441802374
7441857339
7441825188
7441832297
7441881351
7441848911
7441899487
7441899777
7441872494
7441866657
7441820463
7441899845
7441877327
7441816999
7441852434
7441848547
7441831824
7441852238
7441876326
7441817747
7441818188
7441855224
7441867205
7441865556
7441820920
7441824458
7441838609
7441887873
7441861349
7441825934
7441813548
7441855633
7441845153
7441875534
7441893335
7441835081
7441890567
7441837465
7441816552
7441863215
7441833439
7441831264
7441836038
7441812426
7441860602
7441815935
7441869025
7441889917
7441810932
7441854794
7441881772
7441810020
7441867294
7441897809
7441899333
7441849964
7441827691
7441880747
7441894721
7441859522
7441847998
7441879860
7441885244
7441812120
7441821574
7441840602
7441883872
7441830417
7441848928
7441888901
7441838447
7441868144
7441820273
7441879657
7441883965
7441894708
7441861939
7441807035
7441830331
7441880123
7441870544
7441860267
7441844854
7441884613
7441843806
7441836637
7441844278
7441899408
7441819997
7441856825
7441845456
7441875691
7441829215
7441893162
7441872627
7441861799
7441856594
7441842529
7441822150
7441883487
7441841237
7441833793
7441833129
7441868535
7441818595
7441888978
7441805330
7441887110
7441849298
7441827470
7441843813
7441872378
7441888060
7441888338
7441865395
7441818237
7441835018
7441854637
7441883463
7441875807
7441851172
7441809799
7441883537
7441890924
7441879192
7441813536
7441875421
7441858943
7441862138
7441834360
7441898922
7441810830
7441849772
7441865296
7441897399
7441877932
7441809477
7441821143
7441894923
7441840409
7441847096
7441835155
7441818455
7441853892
7441822110
7441870734
7441850436
7441849603
7441820385
7441885740
7441805654
7441882943
7441844767
7441844575
7441882997
7441809394
7441842262
7441837402
7441837761
7441898489
7441808600
7441869620
7441846515
7441832810
7441880904
7441858423
7441864320
7441846658
7441814378
7441871347
7441898924
7441871082
7441818166
7441831717
7441860714
7441854128
7441870016
7441890613
7441811875
7441892666
7441817862
7441872367
7441876500
7441895746
7441819165
7441831052
7441881573
7441882640
7441817984
7441849544
7441811017
7441887991
7441838326
7441896339
7441876243
7441888332
7441886086
7441813222
7441836030
7441838019
7441889243
7441854928
7441886493
7441860672
7441813563
7441845482
7441892706
7441888628
7441828529
7441819662
7441803742
7441889707
7441842939
7441877140
7441844170
7441816057
7441812841
7441881104
7441863906
7441865616
7441861696
7441869545
7441875536
7441817634
7441870578
7441807695
7441843842
7441899216
7441837278
7441810394
7441860324
7441804571
7441803581
7441827237
7441830140
7441892897
7441899174
7441812211
7441858963
7441840760
7441843069
7441880376
7441836696
7441862696
7441843654
7441886303
7441884649
7441862004
7441838905
7441897555
7441882853
7441822094
7441892997
7441853069
7441887977
7441864393
7441866065
7441824200
7441837483
7441880738
7441850601
7441843832
7441870034
7441831698
7441847619
7441888211
7441857558
7441854568
7441818843
7441825802
7441880052
7441849942
7441882980
7441856755
7441840542
7441889042
7441826604
7441896578
7441824849
7441842190
7441834893
7441827153
7441836571
7441878112
7441888325
7441888393
7441815799
7441862165
7441873059
7441863181
7441839290
7441832553
7441875866
7441880286
7441834981
7441856183
7441817636
7441813168
7441899328
7441882631
7441832817
7441870091
7441872059
7441883865
7441879752
7441827804
7441894359
7441803805
7441837500
7441876205
7441848707
7441884986
7441823047
7441827410
7441824854
7441892498
7441808573
7441876193
7441857357
7441881536
7441829237
7441862931
7441822890
7441880554
7441841160
7441847830
7441838567
7441846961
7441810877
7441896024
7441866365
7441803669
7441843184
7441810643
7441856651
7441846158
7441811954
7441848219
7441899956
7441841775
7441875405
7441833574
7441884529
7441809030
7441824071
7441806815
7441899299
7441862215
7441813701
7441885361
7441869167
7441882822
7441895831
7441858309
7441893105
7441809624
7441812477
7441884175
7441858602
7441820027
7441857476
7441877640
7441832999
7441821693
7441860039
7441844486
7441884787
7441812819
7441818990
7441841434
7441832971
7441865864
7441836352
7441806009
7441837889
7441878104
7441889763
7441861180
7441833735
7441892015
7441856485
7441834549
7441808476
7441864474
7441884264
7441862033
7441834339
7441805769
7441808194
7441895895
7441899286
7441829289
7441869694
7441875896
7441895220
7441818089
7441889665
7441892255
7441819709
7441874758
7441854911
7441841831
7441810862
7441893950
7441822382
7441857347
7441858325
7441835593
7441885515
7441884832
7441861227
7441886913
7441835243
7441824216
7441805846
7441892327
7441850997
7441873688
7441820008
7441804916
7441897288
7441827554
7441860098
7441873777
7441836996
7441853036
7441871183
7441835694
7441822217
7441823971
7441811658
7441804987
7441853209
7441879331
7441863489
7441871080
7441811719
7441841104
7441840963
7441836263
7441812752
7441826622
7441897191
7441850499
7441886264
7441807394
7441874268
7441835778
7441861507
7441802521
7441846396
7441889413
7441844644
7441848268
7441859869
7441812626
7441811637
7441855425
7441824342
7441825266
7441841012
7441872229
7441829434
7441826527
7441804820
7441881483
7441848650
7441854304
7441874169
7441857690
7441874281
7441895688
7441803246
7441862678
7441812737
7441825044
7441848450
7441855621
7441870624
7441893400
7441837244
7441880570
7441845979
7441834008
7441886023
7441843418
7441854234
7441867091
7441895607
7441875168
7441847461
7441844539
7441841899
7441862019
7441834444
7441831627
7441869220
7441823793
7441855309
7441822238
7441856357
7441850803
7441860799
7441860601
7441881552
7441804721
7441812054
7441879986
7441890143
7441813330
7441817962
7441898790
7441817601
7441871713
7441862722
7441888161
7441845948
7441880499
7441848898
7441810954
7441860863
7441892885
7441820856
7441838001
7441803631
7441886439
7441858956
7441869822
7441868142
7441815696
7441811273
7441891204
7441823375
7441856702
7441811666
7441810464
7441889968
7441869948
7441858669
7441816104
7441811774
7441878066
7441872031
7441889192
7441850274
7441890207
7441843511
7441871869
7441802901
7441807164
7441804628
7441869526
7441812571
7441873489
7441823292
7441874837
7441818902
7441888274
7441847602
7441865358
7441849143
7441885376
7441820556
7441829198
7441804648
7441886964
7441806139
7441813395
7441824804
7441865608
7441807494
7441889143
7441877694
7441892471
7441804397
7441875337
7441805327
7441890588
7441828569
7441884559
7441811736
7441837853
7441830499
7441827568
7441813347
7441819769
7441872881
7441860941
7441876029
7441865791
7441894267
7441813929
7441879882
7441833283
7441848737
7441813739
7441845976
7441809929
7441862775
7441896182
7441882414
7441802690
7441845814
7441841642
7441811701
7441856902
7441843921
7441873184
7441824321
7441878945
7441879126
7441899376
7441864457
7441803540
7441848497
7441878079
7441883717
7441895119
7441810698
7441828239
7441893282
7441861972
7441860168
7441856352
7441819872
7441817543
7441802389
7441826438
7441887090
7441888514
7441814352
7441869048
7441827203
7441843320
7441811495
7441812029
7441807056
7441848139
7441812077
7441845205
7441829266
7441849659
7441812633
7441805904
7441875394
7441827165
7441890551
7441886101
7441889681
7441877159
7441897487
7441811927
7441829169
7441845198
7441883215
7441858438
7441861659
7441814037
7441882744
7441837782
7441886821
7441851553
7441806481
7441839835
7441891209
7441883477
7441884381
7441809137
7441891220
7441864252
7441833008
7441815788
7441849095
7441812719
7441848445
7441840242
7441826105
7441861601
7441872860
7441805556
7441857713
7441854233
7441895248
7441880888
7441812902
7441838605
7441812732
7441832674
7441850444
7441835849
7441823912
7441877180
7441860345
7441812559
7441892313
7441860310
7441862711
7441818873
7441826427
7441861982
7441847193
7441805681
7441841581
7441811613
7441813470
7441869546
7441870850
7441869390
7441858797
7441862001
7441839770
7441809171
7441873175
7441811936
7441872001
7441828829
7441894782
7441820573
7441835068
7441803145
7441813767
7441861150
7441878406
7441891559
7441879903
7441847213
7441831127
7441883373
7441874103
7441835131
7441858153
7441811854
7441892689
7441846921
7441841473
7441876166
7441844044
7441880618
7441858379
7441882309
7441872391
7441814783
7441874140
7441882714
7441896909
7441840237
7441899962
7441891494
7441838352
7441860013
7441865493
7441818118
7441857597
7441849825
7441831911
7441888928
7441833621
7441867664
7441858293
7441846390
7441864814
7441823635
7441874876
7441832498
7441835537
7441823707
7441845833
7441862034
7441866556
7441844182
7441867303
7441835835
7441845930
7441889740
7441898056
7441894501
7441862838
7441832168
7441883517
7441819653
7441831303
7441827182
7441866014
7441854487
7441821495
7441869609
7441832647
7441847686
7441885055
7441872929
7441811999
7441824356
7441822459
7441803374
7441833226
7441844507
7441866569
7441805480
7441847911
7441829820
7441834122
7441873872
7441873201
7441842878
7441878029
7441865158
7441848986
7441828044
7441868473
7441873051
7441858498
7441811357
7441803383
7441896801
7441849401
7441863693
7441811074
7441846013
7441808239
