7640103408
7640118464
7406517707
7406511274
7406500803
7640149879
7640129383
7640140174
7640130893
7571821048
7571809492
7571835272
7571853622
7559572500
7559550157
7559573830
7559574255
7559149276
7559147100
7559130748
7559145437
7406537012
7406597931
7406550022
7406531575
7640117602
7640105454
7640102868
7406508005
7406505951
7406517666
7640148616
7640173511
7640137588
7571839517
7571887015
7571822416
7559526845
7559522662
7559534623
7559143213
7559155232
7559145237
7406547768
7406537663
7406560438
7417293130
7417298688
7417229406
7417213918
7417909051
7417979716
7417917674
7417903473
7441849978
7441866871
7441858172
7441855559
7559761179
7559721990
7559742648
7559762241
7406889900
7406804058
7406855635
7406890071
7640040253
7640061018
7640036768
7640057104
7677826248
7677831730
7677869201
7677833805
7417270841
7417284733
7417263129
7417946228
7417938883
7417960207
7441859272
7441862658
7441847412
7559761953
7559724263
7559724384
7406856910
7406819457
7406878936
7640024229
7640014437
7640024954
7677859218
7677890254
7677830029
7406530233
7406533370
7406533392
7406533464
7406535621
7406537016
7406537044
7406537442
7406538461
7406551066
7406555156
7406561725
7406562123
7406577718
7406592088
