7677877202
7677882912
7677852671
7677854059
7677888886
7677853728
7677891347
7677802661
7677830329
7677877851
7677852924
7677834537
7677833246
7677841134
7677823312
7677866349
7677862946
7677859749
7677817036
7677851097
7677887868
7677808750
7677879996
7677898713
7677898143
7677810339
7677869775
7677802523
7677878563
7677830425
7677820137
7677833556
7677831419
7677833860
7677835455
7677816028
7677892530
7677879349
7677848797
7677892764
7677881606
7677840351
7677864015
7677841202
7677886613
7677810769
7677818697
7677855674
7677889612
7677811162
7677809858
7677816133
7677886343
7677865244
7677827251
7677818850
7677860929
7677825293
7677852284
7677882697
7677852475
7677898325
7677879200
7677829503
7677837811
7677833650
7677837397
7677859125
7677822396
7677894328
7677876937
7677820059
7677898250
7677810444
7677874461
7677818289
7677896099
7677894918
7677874294
7677895113
7677886848
7677885711
7677878395
7677802185
7677836819
7677838956
7677839905
7677850105
7677824095
7677889912
7677825636
7677892192
7677826597
7677855882
7677863659
7677824339
7677832319
7677814073
7677879092
7677896096
7677863182
7677846742
7677882440
7677890498
7677854193
7677869311
7677834415
7677871406
7677894779
7677840864
7677826926
7677827282
7677845714
7677851478
7677829538
7677840030
7677812894
7677852283
7677816663
7677825696
7677844411
7677851786
7677881899
7677819228
7677848184
7677813882
7677861305
7677869689
7677836844
7677826095
7677888140
7677861056
7677886637
7677804184
7677817057
7677892122
7677855570
7677882013
7677850096
7677863255
7677870667
7677892952
7677865979
7677814010
7677873339
7677812954
7677867205
7677870462
7677873459
7677820405
7677808795
7677809539
7677826631
7677859004
7677836736
7677880096
7677817977
7677843268
7677873474
7677819571
7677889479
7677883809
7677845953
7677851488
7677806923
7677886420
7677879216
7677889253
7677802680
7677811110
7677815294
7677876452
7677830170
7677835523
7677884804
7677815469
7677855196
7677837883
7677895226
7677814119
7677812351
7677809429
7677829170
7677866637
7677871234
7677847128
7677896348
7677869306
7677875216
7677835559
7677899739
7677805445
7677839098
7677860424
7677880364
7677897201
7677811272
7677894233
7677892959
7677885962
7677824415
7677840357
7677878099
7677851661
7677820619
7677838388
7677877393
7677837162
7677843752
7677878324
7677860390
7677872032
7677825621
7677807520
7677824130
7677880142
7677849292
7677849961
7677860253
7677827015
7677803904
7677835474
7677861323
7677832244
7677872906
7677831768
7677805102
7677810921
7677898924
7677832746
7677839982
7677884926
7677871560
7677889679
7677818939
7677848101
7677896896
7677868592
7677813641
7677876655
7677883656
7677882640
7677844545
7677870581
7677838172
7677841604
7677802926
7677813938
7677824102
7677899028
7677854843
7677810570
7677897358
7677838756
7677815966
7677888754
7677899261
7677860184
7677826461
7677884598
7677858272
7677864056
7677841436
7677822795
7677856970
7677824090
7677826522
7677844537
7677867886
7677868373
7677879155
7677823181
7677811710
7677884525
7677827024
7677895889
7677838226
7677874591
7677846557
7677862865
7677899284
7677829932
7677804960
7677875244
7677872846
7677847432
7677810353
7677831696
7677896265
7677895418
7677875705
7677813423
7677845017
7677874586
7677808705
7677848919
7677813101
7677858316
7677838181
7677839603
7677851851
7677892394
7677810886
7677860472
7677885013
7677802879
7677838458
7677814297
7677806758
7677836451
7677860713
7677826527
7677834745
7677842317
7677816374
7677874940
7677864658
7677881369
7677866961
7677836024
7677804609
7677891351
7677820983
7677881962
7677806288
7677853609
7677896344
7677850277
7677873979
7677896042
7677819583
7677838858
7677837791
7677828798
7677846696
7677877077
7677853891
7677892485
7677811135
7677863692
7677817240
7677834125
7677853619
7677878097
7677811620
7677898877
7677895197
7677843304
7677837602
7677820150
7677862481
7677816855
7677819382
7677831248
7677803798
7677845604
7677821551
7677867640
7677848363
7677849997
7677887512
7677864645
7677845558
7677889678
7677862528
7677862349
7677812279
7677876960
7677811016
7677893650
7677840931
7677899340
7677876230
7677878759
7677868455
7677894526
7677858160
7677867357
7677802059
7677887514
7677898840
7677812280
7677833677
7677813826
7677833609
7677897231
7677859598
7677872654
7677826155
7677838171
7677845541
7677894912
7677822116
7677847794
7677897020
7677860282
7677860323
7677860402
7677892225
7677816940
7677826100
7677859546
7677845804
7677866969
7677823570
7677865670
7677840932
7677816862
7677894215
7677861398
7677859661
7677850175
7677854729
7677875176
7677822019
7677842412
7677804234
7677808150
7677881853
7677812367
7677828782
7677850919
7677842436
7677838317
7677878036
7677814019
7677846114
7677843571
7677832544
7677848279
7677885027
7677821738
7677878875
7677859797
7677857342
7677852729
7677839913
7677868398
7677898191
7677894529
7677812943
7677890779
7677888177
7677873095
7677859596
7677876548
7677891102
7677859692
7677897420
7677825493
7677878484
7677886930
7677808912
7677875441
7677854856
7677897500
7677849754
7677860616
7677806052
7677808614
7677807878
7677873956
7677829325
7677812801
7677822555
7677847996
7677862892
7677894766
7677802643
7677856124
7677862048
7677807619
7677861439
7677815768
7677866183
7677837072
7677837454
7677820290
7677881344
7677859511
7677804842
7677856268
7677877706
7677887885
7677875142
7677868154
7677892501
7677855782
7677852609
7677863715
7677864718
7677884563
7677892567
7677865133
7677816524
7677857851
7677893425
7677867210
7677851740
7677806824
7677825357
7677824514
7677876171
7677859892
7677889292
7677836945
7677828551
7677878054
7677857690
7677861446
7677826690
7677818639
7677837554
7677844426
7677823597
7677812246
7677880474
7677819892
7677810855
7677851158
7677873740
7677869214
7677858037
7677816640
7677810911
7677802700
7677803854
7677872651
7677829781
7677889548
7677853889
7677841504
7677806405
7677854099
7677891302
7677803280
7677890982
7677867831
7677841627
7677869213
7677864417
7677844087
7677826316
7677841039
7677812278
7677815106
7677808435
7677810387
7677857701
7677864837
7677851708
7677830400
7677854293
7677869032
7677828592
7677819352
7677817303
7677843184
7677873615
7677878180
7677893158
7677828376
7677885357
7677818093
7677811896
7677813732
7677847077
7677814161
7677848983
7677850574
7677893203
7677848230
7677806159
7677847893
7677805812
7677854044
7677872842
7677884913
7677837033
7677880608
7677841919
7677886743
7677818256
7677840446
7677874636
7677893245
7677875382
7677868116
7677854607
7677831872
7677846503
7677848051
7677830019
7677811035
7677834791
7677816006
7677885084
7677847491
7677860706
7677833840
7677897170
7677845748
7677829083
7677867496
7677810508
7677816584
7677855174
7677853139
7677855155
7677836629
7677817193
7677806735
7677867718
7677813864
7677879442
7677823652
7677823065
7677873071
7677835794
7677843086
7677821532
7677859619
7677833763
7677829580
7677823593
7677897581
7677818478
7677803167
7677823803
7677881953
7677821787
7677873399
7677828789
7677832377
7677878747
7677863328
7677848891
7677862308
7677892495
7677812198
7677832961
7677863382
7677829678
7677841853
7677806605
7677821801
7677855799
7677880452
7677893583
7677838515
7677835928
7677848493
7677886808
7677895168
7677861147
7677841503
7677898670
7677828339
7677817352
7677892428
7677875712
7677828040
7677845846
7677811875
7677864524
7677812470
7677879597
7677871008
7677829825
7677872273
7677837809
7677802578
7677837728
7677818250
7677887200
7677818408
7677873769
7677826706
7677817150
7677864182
7677809431
7677898631
7677821917
7677868634
7677813645
7677875789
7677815844
7677897457
7677891269
7677843097
7677852343
7677810628
7677806565
7677859707
7677839967
7677860365
7677806413
7677850615
7677846281
7677850126
7677877451
7677843232
7677881569
7677867413
7677867912
7677858594
7677828330
7677828778
7677853169
7677873051
7677824384
7677868466
7677838339
7677872606
7677893224
7677830598
7677816978
7677862728
7677831845
7677812645
7677804335
7677803097
7677831093
7677829443
7677833894
7677858487
7677859378
7677832016
7677820514
7677858437
7677878266
7677882547
7677840889
7677859989
7677805279
7677802236
7677887816
7677864453
7677837104
7677817445
7677822865
7677840365
7677836259
7677849566
7677818282
7677822929
7677808673
7677855805
7677808475
7677847471
7677847705
7677830566
7677894666
7677874533
7677892906
7677822827
7677838340
7677813062
7677802907
7677883512
7677875592
7677861640
7677871682
7677813291
7677849241
7677871857
7677810141
7677816835
7677887904
7677899352
7677860800
7677854593
7677875666
7677803993
7677868298
7677882556
7677868998
7677889560
7677835494
7677864646
7677879008
7677811213
7677896756
7677846969
7677893271
7677804390
7677857787
7677826394
7677823285
7677880223
7677812358
7677863213
7677847773
7677867355
7677809069
7677876616
7677843871
7677874827
7677854069
7677895224
7677824737
7677852349
7677830222
7677879810
7677895612
7677832346
7677841518
7677883078
7677880417
7677865061
7677814335
7677876386
7677896666
7677874127
7677868656
7677812770
7677853551
7677838607
7677868144
7677866980
7677867173
7677818121
7677844406
7677846171
7677858565
7677872054
7677871441
7677861031
7677846993
7677897948
7677853233
7677802913
7677899852
7677865742
7677813255
7677874677
7677828349
7677805476
7677859792
7677887625
7677850730
7677835612
7677807103
7677831102
7677863226
7677897183
7677894000
7677876134
7677857781
7677817786
7677822020
7677855563
7677878936
7677817762
7677829969
7677894470
7677811464
7677850751
7677859047
7677846477
7677884484
7677817083
7677873906
7677859522
7677808630
7677827106
7677894742
7677882265
7677803837
7677897530
7677822308
7677875598
7677822999
7677840628
7677879924
7677831828
7677868628
7677855517
7677804328
7677817349
7677852846
7677849555
7677865220
7677885935
7677895135
7677872830
7677807604
7677873375
7677838845
7677850081
7677827427
7677881100
7677824017
7677803161
7677846881
7677885970
7677889766
7677844737
7677856090
7677881938
7677833574
7677859243
7677899425
7677872424
7677809695
7677874652
7677827269
7677897375
7677853846
7677875735
7677870032
7677894812
7677887630
7677844947
7677851750
7677864611
7677895994
7677832331
7677871108
7677807542
7677839245
7677854346
7677823018
7677889154
7677831409
7677839355
7677809333
7677836292
7677889963
7677873017
7677889677
7677817305
7677829730
7677860104
7677880218
7677822115
7677837372
7677880510
7677814443
7677819855
7677864663
7677829713
7677866292
7677805554
7677853148
7677873807
7677889550
7677819606
7677889064
7677811493
7677849210
7677873298
7677867082
7677884568
7677841898
7677887851
7677859285
7677847998
7677835573
7677863856
7677879606
7677821352
7677817441
7677871044
7677804800
7677894181
7677869002
7677863493
7677814348
7677829041
7677821076
7677846225
7677812596
7677815279
7677803406
7677878819
7677862964
7677873200
7677880127
7677835640
7677816333
7677890401
7677899188
7677857794
7677830989
7677802383
7677880673
7677824437
7677858083
7677814942
7677871520
7677841700
7677892569
7677838553
7677895363
7677882102
7677885922
7677814739
7677881552
7677834701
7677896930
7677811474
7677832681
7677895521
7677875092
7677828863
7677835061
7677853181
7677876065
7677835077
7677803774
7677835259
7677887260
7677834245
7677874568
7677828884
7677882209
7677881079
7677848394
7677891787
7677879194
7677824411
7677842556
7677868046
7677819191
7677891006
7677886478
7677807152
7677876667
7677806425
7677803465
7677886434
7677826881
7677891728
7677821104
7677863756
7677818904
7677821137
7677878060
7677819879
7677872171
7677881115
7677872385
7677826908
7677847197
7677864751
7677876078
7677849266
7677807463
7677825939
7677825716
7677859830
7677894559
7677825580
7677830889
7677878786
7677896130
7677826959
7677844528
7677849055
7677845927
7677825752
7677850514
7677807335
7677816004
7677808491
7677852103
7677894460
7677863567
7677816307
7677834035
7677869160
7677889522
7677899597
7677892545
7677895820
7677877571
7677847746
7677830974
7677899374
7677875482
7677890494
7677866221
7677835022
7677839043
7677831669
7677863271
7677855847
7677818027
7677845936
7677842230
7677848567
7677890046
7677857064
7677828820
7677824171
7677863367
7677830874
7677847280
7677803941
7677811053
7677840851
7677843565
7677867691
7677838587
7677843774
7677854663
7677855289
7677810501
7677852757
7677887151
7677877947
7677855574
7677875706
7677875150
7677898081
7677818428
7677851697
7677888465
7677847408
7677880535
7677811855
7677820352
7677806088
7677825126
7677861736
7677846673
7677855739
7677894445
7677879745
7677873257
7677853423
7677889295
7677853843
7677832304
7677831720
7677866388
7677840480
7677854924
7677899561
7677857165
7677878146
7677819233
7677854994
7677855657
7677879106
7677859744
7677894660
7677877786
7677814645
7677830280
7677841609
