7640014838
7640089441
7640051510
7640015861
7640029654
7640081643
7640033261
7640075955
7640071301
7640081888
7640016858
7640080172
7640034249
7640029681
7640090086
7640075157
7640091557
7640017800
7640004917
7640047939
7640026322
7640081656
7640018264
7640092765
7640021017
7640042900
7640080060
7640092804
7640040914
7640094916
7640022280
7640025201
7640023943
7640086401
7640015455
7640050660
7640097417
7640072051
7640029216
7640072871
7640074716
7640087957
7640068979
7640011239
7640029125
7640034284
7640089971
7640049917
7640044769
7640098783
7640002224
7640098439
7640053285
7640078970
7640021732
7640070493
7640078524
7640086156
7640032877
7640036141
7640009325
7640014946
7640030827
7640033638
7640092205
7640031689
7640082759
7640051390
7640080468
7640099168
7640055643
7640033268
7640068779
7640008871
7640018366
7640005748
7640098105
7640092093
7640039892
7640075774
7640071881
7640061786
7640011445
7640003404
7640003515
7640082826
7640071745
7640025618
7640018955
7640081915
7640049675
7640041947
7640045120
7640079149
7640020512
7640005487
7640041259
7640075241
7640019027
7640002324
7640027037
7640039388
7640050518
7640055754
7640076041
7640082240
7640099693
7640076602
7640009055
7640006150
7640036931
7640072773
7640073096
7640010978
7640015868
7640030159
7640086748
7640029563
7640049192
7640053901
7640059616
7640035446
7640074308
7640051580
7640085044
7640051449
7640076866
7640030343
7640079498
7640021960
7640017603
7640013782
7640006672
7640097063
7640076117
7640016595
7640076035
7640095857
7640084593
7640008088
7640041897
7640018707
7640086634
7640072579
7640020844
7640060841
7640065860
7640047910
7640027681
7640089659
7640024084
7640004001
7640017211
7640099801
7640048886
7640062563
7640099253
7640030725
7640094268
7640075887
7640002474
7640063498
7640092049
7640038392
7640042809
7640011342
7640049824
7640077601
7640064765
7640010129
7640049644
7640052889
7640046838
7640047540
7640087844
7640063746
7640038561
7640037208
7640079235
7640009112
7640066266
7640080556
7640083805
7640065019
7640083725
7640087788
7640042790
7640038665
7640081917
7640076978
7640026547
7640089547
7640034343
7640065090
7640026084
7640096820
7640096005
7640007269
7640009407
7640026589
7640058944
7640047802
7640049606
7640065156
7640094216
7640040054
7640033957
7640064934
7640085994
7640081087
7640015390
7640003024
7640017983
7640031921
7640093508
7640005077
7640099367
7640065482
7640084488
7640065897
7640004334
7640026989
7640002857
7640010962
7640021298
7640056625
7640004147
7640062740
7640076589
7640026669
7640051179
7640048349
7640049126
7640044555
7640020988
7640035103
7640067680
7640021809
7640098442
7640043332
7640023567
7640059426
7640006872
7640020824
7640087304
7640041447
7640092522
7640043836
7640091130
7640016620
7640002917
7640024146
7640034290
7640047402
7640034754
7640064441
7640095010
7640076242
7640067308
7640049925
7640066377
7640014494
7640063387
7640082643
7640035830
7640033772
7640007926
7640087684
7640096841
7640098070
7640056408
7640057849
7640016443
7640003856
7640023313
7640028407
7640065562
7640062250
7640057279
7640019512
7640016280
7640083106
7640026751
7640031812
7640087916
7640079965
7640014004
7640031696
7640007290
7640005157
7640084337
7640067938
7640077115
7640012902
7640097250
7640082688
7640062121
7640034535
7640028104
7640057136
7640044197
7640035607
7640045363
7640061608
7640080633
7640079159
7640068760
7640098145
7640099029
7640060665
7640085779
7640020469
7640094579
7640006557
7640086252
7640046983
7640024775
7640039134
7640095180
7640054874
7640076705
7640035600
7640078500
7640086410
7640091812
7640048688
7640081666
7640093176
7640031692
7640028556
7640097553
7640063670
7640069975
7640005356
7640046939
7640084702
7640028770
7640087634
7640072017
7640057306
7640024724
7640011508
7640012583
7640022240
7640070797
7640058808
7640057985
7640053612
7640092238
7640065312
7640046493
7640050158
7640087571
7640060382
7640095102
7640027347
7640077396
7640071806
7640026823
7640098971
7640074964
7640028879
7640060881
7640044106
7640098302
7640092392
7640067504
7640046326
7640081572
7640022548
7640038459
7640022918
7640083957
7640071221
7640063068
7640094488
7640058412
7640092486
7640036338
7640090860
7640013395
7640002129
7640047613
7640091435
7640004366
7640083802
7640037957
7640007559
7640024174
7640030587
7640064219
7640095764
7640033033
7640039021
7640050554
7640043234
7640050946
7640099439
7640054188
7640013000
7640087108
7640070812
7640075085
7640023696
7640093654
7640082366
7640084657
7640052053
7640017753
7640003526
7640034801
7640051668
7640005394
7640027815
7640049784
7640005868
7640054796
7640066497
7640008204
7640020940
7640048598
7640030504
7640027028
7640096154
7640092192
7640028347
7640016892
7640048360
7640017102
7640014408
7640009045
7640066236
7640084532
7640062970
7640037817
7640044547
7640085725
7640039109
7640070738
7640078659
7640075001
7640034034
7640092998
7640032768
7640077515
7640057124
7640025639
7640011714
7640042371
7640092807
7640052500
7640024452
7640044488
7640029811
7640092746
7640005176
7640041860
7640081385
7640055708
7640074692
7640083728
7640058084
7640050118
7640066973
7640031902
7640069022
7640060011
7640075127
7640024829
7640033354
7640029572
7640024747
7640084312
7640066255
7640075150
7640091306
7640074752
7640085125
7640096366
7640065006
7640047573
7640063569
7640071087
7640020740
7640080577
7640098704
7640022324
7640081200
7640071869
7640013136
7640051359
7640027899
7640073572
7640079442
7640056472
7640084327
7640072059
7640036056
7640018782
7640005465
7640051227
7640030031
7640055831
7640080846
7640041887
7640077580
7640034644
7640084889
7640057654
7640083668
7640048108
7640005591
7640069625
7640062379
7640009457
7640084006
7640003378
7640048599
7640083834
7640083773
7640064544
7640082344
7640062838
7640024544
7640077661
7640035876
7640007318
7640038433
7640088272
7640026578
7640080159
7640097987
7640063527
7640065250
7640017716
7640066407
7640020182
7640002864
7640002675
7640006488
7640083005
7640060930
7640074223
7640013511
7640067525
7640047301
7640064470
7640014633
7640078687
7640030499
7640045552
7640030808
7640006895
7640078527
7640050738
7640045531
7640087764
7640059222
7640044557
7640055798
7640036793
7640054268
7640079060
7640065760
7640050773
7640054158
7640016498
7640008743
7640026952
7640079766
7640062312
7640026043
7640017497
7640033243
7640010211
7640054286
7640081135
7640068399
7640005113
7640016867
7640068187
7640098766
7640072860
7640086435
7640080238
7640080608
7640018097
7640033499
7640044221
7640036740
7640052948
7640012741
7640070907
7640016021
7640059735
7640093351
7640087104
7640074712
7640065647
7640085712
7640065074
7640064683
7640010540
7640097069
7640043266
7640051794
7640024423
7640049658
7640028593
7640089194
7640091855
7640069831
7640044898
7640047287
7640076390
7640043202
7640035675
7640095124
7640089644
7640071138
7640053237
7640006068
7640096371
7640078722
7640084937
7640033796
7640067026
7640041237
7640004179
7640003635
7640061466
7640032459
7640075734
7640032271
7640030142
7640084254
7640086128
7640059763
7640090425
7640077163
7640031077
7640016821
7640045912
7640074745
7640011432
7640038169
7640018448
7640004019
7640030329
7640052357
7640019649
7640004182
7640077022
7640044410
7640046425
7640096961
7640019092
7640007448
7640099951
7640035171
7640091882
7640024862
7640087395
7640037491
7640031554
7640011760
7640014447
7640084574
7640090370
7640063761
7640082804
7640084211
7640087980
7640073375
7640017676
7640032952
7640062011
7640053430
7640070313
7640089985
7640010543
7640040988
7640035123
7640003342
7640074765
7640011601
7640016065
7640080103
7640031132
7640056491
7640070508
7640013944
7640052070
7640051779
7640002326
7640024312
7640019109
7640085269
7640019576
7640076217
7640045281
7640017636
7640019657
7640003964
7640070710
7640028095
7640029102
7640046791
7640090390
7640085356
7640030835
7640013111
7640050306
7640039578
7640041095
7640022689
7640046695
7640054592
7640074897
7640047835
7640040131
7640059831
7640084512
7640014396
7640030522
7640022332
7640056425
7640048402
7640069386
7640017033
7640018349
7640093556
7640075086
7640059518
7640013331
7640076563
7640097171
7640087190
7640032796
7640071393
7640037953
7640080531
7640038157
7640020511
7640087479
7640088114
7640068359
7640012625
7640097356
7640030740
7640044123
7640020806
7640028968
7640070525
7640036398
7640030601
7640028500
7640026047
7640062972
7640084361
7640081245
7640025916
7640056023
7640080462
7640057505
7640028503
7640026360
7640059540
7640055728
7640093397
7640015552
7640022270
7640083459
7640023626
7640048770
7640036789
7640068765
7640051587
7640097568
7640091561
7640060659
7640029736
7640013608
7640065864
7640087882
7640043640
7640095983
7640036420
7640046610
7640009889
7640081324
7640029593
7640031999
7640031523
7640092132
7640090225
7640062291
7640084930
7640029920
7640030626
7640092424
7640095737
7640071081
7640042122
7640051067
7640016203
7640092972
7640029619
7640064689
7640060471
7640091493
7640066763
7640095581
7640025566
7640043849
7640034815
7640053941
7640013992
7640076050
7640059672
7640004859
7640053082
7640035751
7640065600
7640039947
7640030052
7640051962
7640067571
7640092996
7640070269
7640043486
7640061844
7640011208
7640064190
7640012228
7640002020
7640038030
7640076045
7640040585
7640044943
7640047436
7640015742
7640039592
7640082732
7640005931
7640041435
7640003464
7640048703
7640023476
7640090394
7640051468
7640025120
7640061131
7640036690
7640007393
7640077466
7640017611
7640015252
7640024524
7640020369
7640011019
7640086126
7640096057
7640078880
7640064751
7640014205
7640048917
7640037244
7640081580
7640087553
7640014270
7640076646
7640055688
7640013139
7640075536
7640011673
7640020267
7640042298
7640004347
7640096497
7640018732
7640075338
7640009960
7640097084
7640051606
7640090817
7640028991
7640090852
7640089252
7640041320
7640065456
7640024018
7640042329
7640019995
7640040911
7640052158
7640055546
7640004504
7640028023
7640059044
7640072595
7640074537
7640050789
7640003573
7640004069
7640032213
7640056900
7640065195
7640012366
7640094142
7640083413
7640041438
7640097604
7640009474
7640026331
7640016677
7640005165
7640055425
7640033653
7640017918
7640043478
7640051492
7640087277
7640061826
7640072547
7640071713
7640027669
7640099718
7640060384
7640073153
7640010539
7640048356
7640040368
7640066742
7640047289
7640062785
7640046712
7640002122
7640026594
7640074232
7640072899
7640005898
7640087517
7640069237
7640014461
7640086648
7640011061
7640051081
7640059654
7640039193
7640056586
7640059509
7640089395
7640091894
7640020761
7640069507
7640089117
7640027715
7640006021
7640088806
7640019426
7640055757
7640021695
7640082204
7640061862
7640004583
7640025706
7640037068
7640093972
7640079364
7640091678
7640049918
7640030381
7640068113
7640075671
7640053825
7640089112
7640033552
7640009768
7640078624
7640093978
7640069054
7640009351
7640054620
7640083343
7640077708
7640028326
7640008484
7640031657
7640050245
7640003043
7640050391
7640079829
7640008213
7640085154
7640029763
7640092669
7640081695
7640029566
7640010312
7640073754
7640086982
7640066127
7640093885
7640036130
7640019861
7640006246
7640016184
7640093736
7640035107
7640096771
7640072225
7640038940
7640036843
7640064229
7640026473
7640097751
7640069341
7640036802
7640095597
7640035263
7640021422
7640070223
7640076507
7640010671
7640032666
7640091681
7640080354
7640042787
7640085279
7640026635
7640068411
7640066302
7640096282
7640021044
7640091406
7640089999
7640063606
7640024794
7640078263
7640096557
7640015209
7640080189
7640042462
7640039001
7640006237
7640092532
7640031045
7640044030
7640025623
7640014401
7640020776
7640044660
7640026729
7640078136
7640020227
7640014436
7640007653
7640026930
7640079341
7640088185
7640045357
7640042048
7640071847
7640025020
7640020336
7640010061
7640042538
7640055633
7640085823
7640083409
7640022555
7640094943
7640092918
7640035555
7640067178
7640066900
7640050220
7640081963
7640063536
7640088956
7640081216
7640080200
7640041770
7640098416
7640069807
7640010731
7640074084
7640074645
7640092014
7640026676
7640015944
7640059893
7640072442
7640060123
7640004266
7640060182
7640008366
7640070091
7640078249
7640093635
7640014968
7640021973
7640003337
7640075651
7640024964
7640013784
7640095448
7640016808
7640054154
7640011788
7640074030
7640059255
7640053890
7640091053
7640050490
7640021362
7640051539
7640024779
7640056120
7640052985
7640058044
7640022863
7640050637
7640073087
7640054191
7640016651
7640032340
7640083881
7640014842
7640034061
7640082672
7640084706
7640021109
7640076561
7640045862
7640080926
7640016297
7640018965
7640024673
7640081976
7640055189
7640093281
7640097428
7640004631
7640015830
7640098176
7640032301
7640073343
7640062077
7640024243
7640013962
7640097378
7640089016
7640058738
7640027664
7640082328
7640053588
7640050226
7640079271
7640044255
7640047976
7640038173
7640056698
7640032266
7640044328
7640066164
7640014373
7640032200
7640033991
7640065883
7640044991
7640008562
7640013153
7640020733
7640018806
7640060332
7640007715
7640076076
7640040781
7640035451
7640018596
7640099109
7640063070
7640065214
7640034126
7640088017
7640004555
7640061366
7640036718
7640068950
7640084031
7640080739
7640031145
7640047934
7640062813
7640033304
7640086422
7640076885
7640018325
7640092708
7640008648
7640067920
7640084790
7640070103
7640068592
7640094898
7640088152
7640004449
7640080244
7640032895
7640076616
7640068127
7640019737
7640052287
7640070354
7640051879
7640061167
7640091997
7640081618
7640079186
7640028802
7640038235
7640069447
7640072604
7640014325
7640082305
7640044573
7640071303
7640061903
7640080956
7640080932
7640013383
7640041097
7640007180
7640092487
7640064840
7640030516
7640076778
7640049735
7640053222
7640010397
7640018263
7640099467
7640088894
7640007016
7640036481
7640073067
7640077874
7640038247
7640026325
7640044674
7640083309
7640070945
7640007554
7640017758
7640026302
7640009079
7640090786
7640019681
7640089709
7640037180
7640068549
7640081401
7640083664
7640014223
7640068977
7640090442
7640020515
7640091904
7640023078
7640037844
7640057366
7640098052
7640098720
7640032210
7640060293
7640027244
7640008548
7640061951
7640047059
7640052327
7640050215
7640021320
7640061277
7640046795
7640083305
7640013007
7640033732
7640014815
7640036197
7640099548
7640059894
7640038061
7640090204
7640070597
7640051225
7640011648
7640019695
7640018412
7640037017
7640029662
7640011815
7640005869
7640048878
7640085127
7640083272
7640047025
7640086898
7640068210
7640020083
7640002266
7640092410
7640012926
7640069434
7640078601
7640075632
7640083524
7640070576
7640041264
7640048527
7640082823
7640033427
7640058369
7640078877
7640034214
7640048151
7640021188
7640044807
7640041987
7640079856
7640073832
7640068478
7640035648
7640089152
7640069442
7640097225
7640068233
7640017620
7640019754
7640048613
7640037874
7640012580
7640027799
7640087128
7640002608
7640076758
7640085624
7640015367
7640075963
7640005396
7640019532
7640063600
7640071622
7640017060
7640079954
7640053701
7640069131
7640055136
7640081185
7640060016
7640064422
7640085845
7640098663
7640094157
7640073001
7640099288
7640046834
7640025807
7640059626
7640020731
7640036754
7640061718
7640045903
7640046085
7640037088
7640044046
7640092219
7640067721
7640071491
7640042260
7640005161
7640079863
7640061796
7640044526
7640062132
7640012273
7640049916
7640016116
7640025423
7640008716
7640019669
7640057410
7640042979
7640078066
7640030489
7640052829
7640088319
7640029873
7640019194
7640019152
7640033682
7640043295
7640006478
7640098509
7640095351
7640088970
7640046676
7640095063
7640018566
7640063462
7640002061
7640059858
7640069534
7640071256
7640045768
7640086563
7640017320
7640017981
7640019220
7640062815
7640006767
7640068167
7640059289
7640034858
7640014364
7640090883
7640006333
7640083342
7640017667
7640017214
7640006376
7640004485
7640030820
7640009874
7640037996
7640024715
7640098040
7640094156
7640084648
7640091297
7640035262
7640026195
7640092264
7640027015
7640008680
7640085590
7640039795
7640085945
7640054536
7640020440
7640023908
7640012675
7640098083
7640035721
7640098471
7640097405
7640097085
7640038406
7640023469
7640033906
7640017619
7640022839
7640026213
7640057275
7640065878
7640038927
7640021986
7640007302
7640075676
7640072837
7640027959
7640013125
7640003447
7640039835
7640080381
7640036252
7640059738
7640071963
7640025934
7640085805
7640061187
7640009789
7640074403
7640095541
7640036678
7640034424
7640002285
7640057217
7640064197
7640002041
7640063928
7640095726
7640004531
7640040478
7640040010
7640018261
7640087220
7640062637
7640090314
7640026026
7640067807
7640062979
7640047821
7640021463
7640034375
7640031258
7640041496
7640083258
7640057698
7640087567
7640017461
7640034558
7640040549
7640094761
7640059707
7640021662
7640073427
7640051239
7640099497
7640016290
7640013905
7640012815
7640021791
7640093584
7640059962
7640016579
7640073793
7640057669
7640030513
7640060403
7640007934
7640071268
7640099059
7640063429
7640027279
7640048524
7640027970
7640031272
7640026211
7640067944
7640078644
7640021032
7640024784
7640074616
7640025246
7640069242
7640018584
7640045385
7640038399
7640096724
7640035403
7640070424
7640061885
7640081936
7640052913
7640019550
7640003017
7640006141
7640046825
7640078298
7640078401
7640044090
7640049842
7640082444
7640097621
7640025852
7640098196
7640071655
7640070324
7640089372
7640043508
7640083157
7640042939
7640069639
7640006034
7640056366
7640034884
7640035474
7640067545
7640090089
7640025690
7640060618
7640023012
7640076016
7640012074
7640080393
7640082357
7640010599
7640029533
7640073752
7640064592
7640077632
7640011875
7640083746
7640031383
7640041138
7640019656
7640085263
7640029242
7640013284
7640007689
7640080627
7640058423
7640010274
7640096925
7640037927
7640089376
7640083149
7640035682
7640034385
7640069899
7640023726
7640040016
7640025733
7640081585
7640057165
7640066092
7640029265
7640046225
7640073827
7640090228
7640051881
7640022819
7640069485
7640081526
7640033916
7640078399
7640033642
7640063369
7640031958
7640025875
7640034999
7640060159
7640065365
7640098616
7640041261
7640063405
7640090022
7640056881
7640007481
7640041745
7640093221
7640082339
7640075192
7640084922
7640065082
7640092774
7640046182
7640019543
7640045927
7640033290
7640075155
7640024723
7640072819
7640053698
7640083370
7640027318
7640019549
7640021691
7640067423
7640058755
7640043905
7640078391
7640085448
7640023689
7640080951
7640028143
7640046967
7640076177
7640051959
7640019075
7640044999
7640081635
7640078656
7640079510
7640012258
7640017213
7640077104
7640074547
7640087266
7640056695
7640009384
7640045849
7640011723
7640074025
7640019209
7640017464
7640089857
7640075928
7640019563
7640099427
7640098458
7640010210
7640095113
7640002045
7640043953
7640018693
7640063629
7640023756
7640004743
7640025098
7640094769
7640078246
7640022754
7640083262
7640030713
7640097322
7640050511
7640016199
7640007902
7640059225
7640049612
7640017262
7640010118
7640002403
7640083536
7640012717
7640003209
7640039656
7640080227
7640062978
7640086399
7640067916
7640015352
7640005789
7640098447
7640086087
7640085797
7640051949
7640092461
7640046730
7640088315
7640051631
7640066232
7640095279
7640074950
7640019014
7640080387
7640036719
7640013091
7640019627
7640061121
7640075093
7640062749
7640008415
7640031643
7640048630
7640073191
7640030767
7640092399
7640070140
7640010925
7640067495
7640016410
7640056826
7640083122
7640054079
7640030391
7640089526
7640098401
7640096866
7640019035
7640020865
7640042517
7640050261
7640087751
7640046451
7640003140
7640027883
7640083079
7640073210
7640018906
7640008017
7640089205
7640025549
7640089957
7640092091
7640065384
7640024154
7640005875
7640014527
7640036872
7640083235
7640088228
7640016516
7640016628
7640018898
7640086941
7640035369
7640055421
7640030911
7640068025
7640079291
7640083303
7640028521
7640038498
7640062237
7640040778
7640086859
7640044361
7640031908
7640003538
7640003364
7640036091
7640086122
7640011144
7640007208
7640092150
7640091813
7640047838
7640034328
7640061054
7640066444
7640096560
7640079482
7640058286
7640096731
7640073903
7640078025
7640049034
7640045499
7640078122
7640013616
7640076453
7640045454
7640052318
7640099441
7640065792
7640073166
7640028253
7640037951
7640042471
7640080330
7640043282
7640082694
7640099543
7640047894
7640091298
7640086667
7640040550
7640071842
7640052181
7640063899
7640067593
7640045970
7640058648
7640078324
7640093860
7640038371
7640043161
7640030686
7640053585
7640074961
7640093929
7640031189
7640069196
7640095156
7640045092
7640091258
7640050075
7640007082
7640036935
7640050797
7640064216
7640086466
7640044884
7640044448
7640095311
7640011501
7640065204
7640024710
7640031254
7640027993
7640062064
7640035256
7640070074
7640033176
7640018935
7640080414
7640074731
7640074812
7640043803
7640031148
7640092282
7640047608
7640082567
7640090416
7640089714
7640004692
7640005084
7640088753
7640026079
7640074355
7640034014
7640008820
7640020594
7640014608
7640083809
7640075360
7640093730
7640039079
7640002622
7640089474
7640071229
7640002003
7640046334
7640085744
7640036567
7640033067
7640047513
7640012460
7640079094
7640091654
7640021518
7640015664
7640079869
7640065063
7640018343
7640035086
7640098523
7640075368
7640078277
7640025253
7640052343
7640016067
7640016897
7640076171
7640074143
7640017227
7640023098
7640003743
7640017382
7640096754
7640042782
7640020254
7640017645
7640044827
7640065553
7640089695
7640069632
7640003806
7640038875
7640071872
7640084655
7640013526
7640094162
7640029006
7640083322
7640072143
7640095785
7640033559
7640071170
7640028176
7640081265
7640037137
7640018390
7640085003
7640023814
7640082648
7640098944
7640094926
7640093772
7640056951
7640094923
7640045343
7640092590
7640096631
7640058703
7640054355
7640030823
7640043178
7640009194
7640024131
7640043248
7640073171
7640038288
7640016624
7640067316
7640039965
7640056623
7640071615
7640094210
7640025649
7640098714
7640094092
7640025670
7640045229
7640071678
7640065743
7640091454
7640033187
7640047467
7640020102
7640053481
7640086382
7640076762
7640097208
7640097818
7640082995
7640023897
7640018948
7640069769
7640037078
7640089477
7640051825
7640018286
7640082714
7640023543
7640003042
7640084546
7640078501
7640059901
7640027085
7640049194
7640078048
7640016473
7640036069
7640041055
7640076840
7640032021
7640055193
7640022400
7640043918
7640008802
7640031054
7640089891
7640046734
7640019862
7640055915
7640002496
7640063385
7640021852
7640018500
7640029752
7640065784
