7559722161
7559748416
7559707802
7559743096
7559715875
7559724004
7559738946
7559766585
7559785731
7559753472
7559751219
7559752646
7559704486
7559772547
7559792890
7559770808
7559790187
7559754485
7559789963
7559716270
7559796776
7559774867
7559746565
7559738880
7559759662
7559774619
7559792417
7559737656
7559781061
7559730586
7559738735
7559704812
7559766788
7559745503
7559793233
7559786598
7559790742
7559722728
7559743435
7559746047
7559784109
7559782580
7559746417
7559784881
7559754362
7559795961
7559728966
7559752227
7559765547
7559712221
7559764842
7559704503
7559756625
7559789157
7559714306
7559770962
7559723413
7559746114
7559756003
7559737950
7559791472
7559788707
7559791165
7559744352
7559743339
7559731908
7559760408
7559734635
7559731469
7559732787
7559702590
7559790675
7559790106
7559742306
7559786411
7559748355
7559750176
7559739382
7559777124
7559729253
7559753585
7559723410
7559790956
7559709805
7559784635
7559787463
7559711225
7559799727
7559739511
7559746135
7559777643
7559717766
7559704258
7559704331
7559776337
7559741261
7559713285
7559727554
7559757560
7559757619
7559755288
7559784473
7559787719
7559776255
7559750872
7559739254
7559741789
7559766249
7559709707
7559780452
7559703466
7559799716
7559740338
7559752270
7559705849
7559773767
7559768564
7559706203
7559777765
7559715591
7559798127
7559735689
7559732780
7559762315
7559774543
7559729989
7559737990
7559752592
7559721945
7559757047
7559764637
7559796655
7559720839
7559748913
7559767182
7559776112
7559703439
7559788927
7559714242
7559713271
7559734627
7559716685
7559738076
7559763443
7559764782
7559721950
7559794178
7559710636
7559711926
7559779212
7559722742
7559778786
7559721716
7559790215
7559786921
7559736806
7559729195
7559758299
7559776993
7559774591
7559776140
7559781283
7559763248
7559756477
7559772528
7559744837
7559765822
7559735021
7559781601
7559771857
7559741501
7559787660
7559787920
7559795874
7559714081
7559789590
7559774507
7559762932
7559769916
7559761902
7559785792
7559796777
7559727717
7559741961
7559763621
7559728905
7559794499
7559712383
7559713137
7559776693
7559716544
7559704492
7559716353
7559767531
7559749699
7559767111
7559710210
7559753278
7559785399
7559780807
7559779659
7559738190
7559781634
7559752550
7559728364
7559777173
7559755026
7559716432
7559729181
7559703287
7559762043
7559741066
7559726349
7559798945
7559797031
7559763868
7559790217
7559732110
7559796607
7559720384
7559737805
7559790930
7559778448
7559785321
7559703893
7559776610
7559728065
7559710115
7559724354
7559714516
7559732686
7559725113
7559746529
7559753529
7559776457
7559736195
7559733101
7559799214
7559749084
7559733308
7559749519
7559784291
7559721771
7559730763
7559784796
7559702076
7559745849
7559741883
7559756731
7559737704
7559740603
7559750218
7559754358
7559758127
7559737361
7559794511
7559756157
7559780156
7559789571
7559702291
7559744658
7559744628
7559782179
7559791424
7559788305
7559742157
7559715091
7559774314
7559727733
7559746782
7559730472
7559724182
7559722965
7559767827
7559708087
7559721006
7559745373
7559759947
7559718994
7559722439
7559796143
7559765295
7559755057
7559757608
7559703016
7559728299
7559746829
7559748356
7559767396
7559789294
7559782087
7559720199
7559745650
7559754828
7559716317
7559704933
7559703819
7559710543
7559785806
7559707773
7559748986
7559791866
7559788239
7559729072
7559752112
7559706308
7559789830
7559732226
7559752613
7559703397
7559790554
7559746568
7559735459
7559748038
7559793761
7559791086
7559757416
7559731219
7559765166
7559790428
7559766496
7559791112
7559714231
7559734436
7559722729
7559703301
7559747279
7559775962
7559717733
7559714181
7559722084
7559732285
7559710408
7559775468
7559761994
7559769454
7559789481
7559799971
7559735894
7559770676
7559739835
7559771110
7559766673
7559735174
7559724743
7559786737
7559794064
7559740851
7559743910
7559705511
7559752460
7559755511
7559751409
7559783377
7559746882
7559767507
7559756350
7559796451
7559780577
7559716327
7559782703
7559781986
7559783373
7559786623
7559764872
7559782374
7559799768
7559789466
7559757924
7559721111
7559743605
7559792940
7559739827
7559768985
7559714741
7559772049
7559785538
7559780351
7559785619
7559716070
7559717847
7559704692
7559797272
7559798026
7559734742
7559734493
7559758765
7559739374
7559777255
7559759543
7559772211
7559783736
7559739208
7559776030
7559753178
7559712951
7559786315
7559745163
7559720060
7559784582
7559737024
7559783278
7559791329
7559787280
7559779175
7559712829
7559719489
7559777591
7559715150
7559794371
7559783363
7559774662
7559771495
7559786317
7559762544
7559702617
7559744914
7559760077
7559774772
7559760116
7559777686
7559707105
7559789661
7559704338
7559799152
7559753318
7559753501
7559767672
7559722539
7559789722
7559724145
7559702329
7559710605
7559758735
7559715660
7559726846
7559761494
7559727685
7559791333
7559783642
7559757164
7559721516
7559749092
7559748265
7559778631
7559772292
7559704777
7559718590
7559787178
7559715194
7559778497
7559738673
7559752986
7559759011
7559741470
7559780161
7559764219
7559765548
7559707059
7559702463
7559727866
7559735876
7559719274
7559788676
7559790710
7559708153
7559734830
7559795529
7559751036
7559724669
7559797769
7559792039
7559726171
7559781717
7559788231
7559799059
7559777818
7559703620
7559787772
7559755937
7559777602
7559723077
7559780732
7559770512
7559748941
7559752785
7559772887
7559784255
7559787512
7559770273
7559718999
7559758243
7559789699
7559741322
7559789897
7559725266
7559757302
7559774321
7559761688
7559703432
7559753942
7559750906
7559790360
7559722173
7559703697
7559737026
7559717608
7559706375
7559722809
7559704482
7559707379
7559730311
7559763602
7559756805
7559703146
7559723852
7559710093
7559761300
7559776310
7559757140
7559706692
7559744618
7559750526
7559728493
7559782566
7559752190
7559754241
7559744471
7559747022
7559763217
7559765922
7559745967
7559723335
7559725117
7559715597
7559750400
7559759678
7559794328
7559761342
7559713561
7559708623
7559793857
7559772487
7559774928
7559775032
7559713763
7559729010
7559789860
7559728177
7559720456
7559768989
7559796123
7559775982
7559719319
7559743792
7559737375
7559733112
7559779040
7559789088
7559750751
7559760285
7559728523
7559729702
7559767474
7559769686
7559786692
7559722927
7559781331
7559789550
7559781683
7559702025
7559708875
7559791884
7559746175
7559757343
7559763873
7559704206
7559750467
7559754065
7559746202
7559733531
7559705113
7559726389
7559709967
7559722625
7559753017
7559761389
7559750941
7559709131
7559794358
7559752055
7559765530
7559775710
7559781693
7559758232
7559765068
7559794731
7559767590
7559736167
7559737663
7559720814
7559713267
7559753213
7559725779
7559729922
7559716783
7559764050
7559783004
7559723332
7559734500
7559775504
7559787326
7559715169
7559722274
7559795370
7559770688
7559765658
7559797367
7559750339
7559761737
7559721640
7559756050
7559761254
7559793562
7559782471
7559711039
7559768792
7559707467
7559765334
7559748830
7559746117
7559782347
7559790315
7559792029
7559776519
7559739409
7559734296
7559778469
7559753310
7559761359
7559760798
7559720254
7559704774
7559759980
7559715964
7559790651
7559780361
7559716740
7559782705
7559709003
7559770953
7559725682
7559761071
7559790473
7559703660
7559762340
7559793620
7559767294
7559786063
7559767342
7559714473
7559717935
7559796829
7559742931
7559713224
7559778389
7559703224
7559766025
7559747366
7559799141
7559744104
7559729944
7559775846
7559782830
7559726224
7559783071
7559707641
7559763118
7559728000
7559766322
7559744375
7559790424
7559791702
7559731150
7559740890
7559786586
7559713509
7559797038
7559706624
7559781351
7559754581
7559710682
7559720004
7559793396
7559707685
7559730077
7559793052
7559752846
7559745639
7559756457
7559737793
7559751852
7559731904
7559763093
7559708499
7559706739
7559742844
7559794284
7559727469
7559781092
7559702081
7559795536
7559777217
7559739572
7559724949
7559740831
7559727032
7559776061
7559795021
7559787147
7559794073
7559784368
7559799711
7559798827
7559789575
7559777523
7559760916
7559777416
7559709040
7559744376
7559750211
7559787427
7559730803
7559725465
7559796021
7559772563
7559789098
7559723703
7559774363
7559781702
7559743944
7559762914
7559707758
7559779831
7559718277
7559743460
7559719864
7559779293
7559729125
7559707910
7559724438
7559762128
7559741317
7559703141
7559743835
7559733964
7559784512
7559717327
7559720820
7559773879
7559716451
7559711246
7559732024
7559717780
7559799821
7559790611
7559770761
7559780529
7559748524
7559735580
7559751023
7559702746
7559769928
7559713898
7559737399
7559764504
7559738377
7559747354
7559754126
7559777487
7559751099
7559717414
7559798824
7559717724
7559773106
7559709484
7559703275
7559785123
7559778793
7559747792
7559717474
7559778441
7559751121
7559758916
7559785519
7559755130
7559779742
7559722763
7559778178
7559724840
7559792458
7559782388
7559727779
7559781054
7559766917
7559784815
7559777932
7559779538
7559746184
7559726207
7559706189
7559731644
7559795496
7559718591
7559780579
7559723820
7559747050
7559765377
7559715215
7559756844
7559778339
7559725959
7559748166
7559717304
7559726919
7559710906
7559764968
7559751369
7559795813
7559794420
7559714143
7559723199
7559716063
7559714174
7559745182
7559708035
7559774602
7559732671
7559777066
7559739548
7559789627
7559771053
7559764909
7559706206
7559706829
7559728530
7559782549
7559764718
7559791575
7559770653
7559769262
7559755610
7559790362
7559725981
7559797657
7559705736
7559759394
7559764605
7559736786
7559710544
7559786544
7559793618
7559754001
7559784179
7559755960
7559732635
7559786890
7559743906
7559733185
7559753703
7559727277
7559797339
7559779873
7559757497
7559769224
7559717506
7559704102
7559742351
7559753425
7559775209
7559760074
7559751857
7559754360
7559747079
7559761320
7559760997
7559755504
7559762014
7559762141
7559758111
7559747129
7559752092
7559758964
7559757664
7559746379
7559761900
7559752869
7559720717
7559746320
7559797609
7559795479
7559762112
7559748778
7559749940
7559748735
7559761704
7559759297
7559748122
7559752725
7559756695
7559762292
7559753770
7559759484
7559760829
7559757389
7559752278
7559742207
7559712366
7559762168
7559748199
7559762838
7559762137
7559749531
7559762825
7559756936
7559763205
7559747014
7559745904
7559747381
7559756213
7559749000
7559755039
7559709138
7559751476
7559756702
7559749818
7559751907
7559762605
7559760785
7559751164
7559746669
7559754067
7559748302
7559748477
7559747306
7559750953
7559750683
7559758829
7559746873
7559746077
7559751863
7559748036
7559749667
7559748533
7559790597
7559751499
7559748540
7559759263
7559762056
7559761364
7559762200
7559760811
7559754665
7559762769
7559755846
7559757954
7559749845
7559747276
7559763362
7559757629
7559763465
7559747302
7559757703
7559751764
7559724482
7559719098
7559761924
7559706574
7559756694
7559757403
7559763063
7559753230
7559760749
7559763099
7559756926
7559750156
7559745863
7559747561
7559756790
7559705840
7559755107
7559791706
7559756185
7559749913
7559758507
7559753320
7559754051
7559749293
7559759393
7559757750
7559750739
7559751859
7559753846
7559760855
7559753014
7559757045
7559786091
7559755987
7559742041
7559761877
7559758114
7559721238
7559745918
7559760036
7559756675
7559755593
7559748922
7559754724
7559789045
7559762986
7559761408
7559746858
7559772984
7559746645
7559758092
7559758880
7559755337
7559787083
7559756187
7559739756
7559755601
7559760791
7559755925
7559759430
7559752861
7559752213
7559754613
7559762985
7559748118
7559754272
7559763198
7559760752
7559757021
7559745895
7559755079
7559755109
7559723078
7559760033
7559749902
7559748070
7559762161
7559760207
7559759246
7559761518
7559750564
7559795555
7559747449
7559759002
7559756859
7559749757
7559752666
7559760279
7559752298
7559760014
7559746594
7559755525
7559761511
7559746157
7559759150
7559761032
7559705974
7559761308
7559748013
7559755422
7559760078
7559762663
7559748631
7559751067
7559758658
7559754524
7559761823
7559751526
7559759122
7559746513
7559750575
7559781556
7559750986
7559760959
7559745077
7559745991
7559756048
7559763421
7559755658
7559755501
7559753171
7559756011
7559759963
7559749920
7559758741
7559778020
7559757262
7559749542
7559758826
7559752791
7559748821
7559754363
7559757790
7559746650
7559749159
7559745868
7559749453
7559760400
7559747856
7559751077
7559752116
7559754546
7559761871
7559747067
7559757382
7559766324
7559747151
7559746281
7559756799
7559761039
7559747297
7559756718
7559746661
7559759878
7559798398
7559750736
7559762808
7559755590
7559746653
7559750480
7559760911
7559752011
7559754638
7559748502
7559757824
7559769769
7559749179
7559757422
7559755156
7559752792
7559760721
7559748331
7559750733
7559747316
7559750990
7559757305
7559752516
7559747341
7559746151
7559761228
7559758665
7559751159
7559760605
7559757093
7559760128
7559747367
7559750944
7559750519
7559755770
7559734125
7559759112
7559746687
7559787744
7559746692
7559758537
7559763326
7559748330
7559760718
7559747347
7559749832
7559760145
7559759772
7559778993
7559759875
7559749201
7559760537
7559754229
7559747708
7559759629
7559755150
7559750551
7559762142
7559762886
7559759123
7559751554
7559752085
7559750772
7559772988
7559746451
7559739629
7559779325
7559740356
7559756761
7559772428
7559730233
7559750542
7559766996
7559781175
7559795396
7559750947
7559719909
7559771474
7559728293
7559766836
7559707957
7559735280
7559760879
7559786578
7559728921
7559712300
7559704839
7559712746
7559790139
7559751365
7559734337
7559737799
7559740555
7559747176
7559707027
7559716324
7559764115
7559790629
7559736377
7559716855
7559760579
7559705914
7559702922
7559714023
7559734746
7559798443
7559795544
7559713598
7559789970
7559729626
7559760594
7559741112
7559711597
7559790833
7559799671
7559776026
7559737292
7559772300
7559789530
7559756982
7559710750
7559785942
7559782029
7559756975
7559748878
7559706504
7559774044
7559755798
7559736231
7559792662
7559746101
7559749769
7559774178
7559796331
7559733438
7559771356
7559722191
7559798930
7559719484
7559797358
7559762862
7559752875
7559792404
7559729654
7559711415
7559722475
7559785698
7559763207
7559780805
7559747569
7559788699
7559799732
7559774548
7559739010
7559718432
7559722308
7559712922
7559733564
7559731081
7559713334
7559758004
7559755472
7559798837
7559751051
7559778318
7559727463
7559779309
7559776426
7559721743
7559733957
7559764179
7559762610
7559761995
7559796652
7559702302
7559711922
7559778960
7559756134
7559751675
7559777453
7559784267
7559766554
7559754612
7559765092
7559746678
7559702421
7559774380
7559745917
7559732411
7559703472
7559778028
7559721908
7559708119
7559725345
7559706851
7559741280
7559714297
7559751245
7559752750
7559712002
7559722092
7559770552
7559759052
7559752462
7559758444
7559709375
7559740215
7559734914
7559706003
7559788479
7559765351
7559755465
7559728733
7559776985
7559769840
7559788724
7559772264
7559747146
7559775193
7559756532
7559789194
7559770247
7559721797
7559767794
7559775399
7559750407
7559785199
7559777383
7559774095
7559779928
7559708226
7559736519
7559726144
7559766084
7559730267
7559733476
7559771970
7559748327
7559710052
7559708859
7559764321
7559721563
7559713513
7559727333
7559754700
7559796866
7559725429
7559776171
7559755298
7559734866
7559747242
7559797529
7559737751
7559745586
7559742284
7559714016
7559758476
7559738852
7559739855
7559730052
7559716567
7559791496
7559765878
7559728063
7559710377
7559751196
7559737088
7559747627
7559734394
7559795720
7559752675
7559768399
7559738186
7559742534
7559736183
7559793407
7559724151
7559786399
7559798789
7559763848
7559725475
7559722785
7559712169
7559722330
7559759739
7559711262
7559761567
7559747738
7559776665
7559785511
7559723052
7559750779
7559732482
7559740178
7559725425
7559749753
7559778218
7559712232
7559769150
7559790778
7559759187
7559792985
7559727004
7559722167
7559710995
7559772291
7559791200
7559767830
7559761239
7559723655
7559781251
7559747811
7559735341
7559702520
7559712474
7559744610
7559776328
7559717929
7559767735
7559764479
7559703046
7559780146
7559790247
7559747879
7559751532
7559735936
7559792190
7559789053
7559703453
7559742477
7559796925
7559747726
7559762322
7559758877
7559794805
7559748130
7559799799
7559728779
7559714934
7559776961
7559775461
7559775086
7559786961
7559721259
7559780438
7559772993
7559714449
7559757329
7559706514
7559763119
7559714508
7559751095
7559787827
7559739563
7559751598
7559708341
7559741073
7559748462
7559727327
7559779612
7559750536
7559717745
7559755223
7559762591
7559760336
7559760333
7559756307
7559755234
7559797761
7559739771
7559779607
7559702960
