7406838339
7406811495
7406857498
7406860411
7406869848
7406807985
7406877705
7406888177
7406810317
7406833487
7406819206
7406852420
7406857093
7406827461
7406880092
7406895987
7406847681
7406836095
7406807102
7406871509
7406894199
7406870967
7406824018
7406825306
7406830314
7406825935
7406806352
7406833225
7406898859
7406852914
7406893741
7406878679
7406829492
7406868347
7406809784
7406895202
7406819277
7406862637
7406825393
7406876938
7406832201
7406850231
7406837564
7406833431
7406836537
7406879902
7406872220
7406898712
7406840380
7406842831
7406809526
7406875815
7406870377
7406805781
7406824972
7406810275
7406883647
7406858530
7406824886
7406805206
7406891040
7406861825
7406840210
7406803232
7406894768
7406862483
7406802115
7406839284
7406886848
7406881546
7406876421
7406826460
7406865886
7406850345
7406840038
7406822090
7406840881
7406869895
7406892578
7406899621
7406884499
7406867819
7406890791
7406855775
7406809161
7406877146
7406878359
7406832081
7406835965
7406853659
7406880537
7406848028
7406843318
7406836229
7406841074
7406880471
7406861961
7406807653
7406873171
7406853341
7406869583
7406859163
7406835892
7406838528
7406873404
7406816953
7406825299
7406848833
7406805882
7406806485
7406854759
7406873885
7406872290
7406813316
7406898381
7406893687
7406856772
7406866040
7406812078
7406806613
7406806278
7406828612
7406807641
7406813613
7406876407
7406833833
7406859237
7406827617
7406860447
7406873886
7406813923
7406836764
7406813303
7406833528
7406839827
7406899193
7406861442
7406813491
7406843993
7406893811
7406888285
7406879483
7406882511
7406867877
7406844369
7406884237
7406856994
7406891503
7406841334
7406897653
7406821354
7406809181
7406879650
7406865498
7406896436
7406803588
7406857067
7406819410
7406855746
7406889454
7406815564
7406846620
7406831733
7406837482
7406855224
7406883989
7406842103
7406846911
7406847731
7406861610
7406838229
7406810797
7406852819
7406836820
7406895575
7406841426
7406802153
7406877774
7406838896
7406858907
7406820212
7406812848
7406827319
7406886130
7406824325
7406809970
7406883047
7406854258
7406836738
7406860578
7406852087
7406896240
7406860428
7406838240
7406815533
7406836165
7406892686
7406844881
7406855231
7406868927
7406879855
7406848416
7406892047
7406827203
7406886273
7406818457
7406809511
7406838809
7406857174
7406853003
7406891244
7406895257
7406815832
7406869238
7406869692
7406879979
7406879002
7406883794
7406843036
7406811304
7406887044
7406896335
7406870919
7406898704
7406821872
7406885946
7406816402
7406824967
7406898038
7406811295
7406847464
7406834411
7406819528
7406881529
7406844124
7406834463
7406859550
7406889590
7406853414
7406848944
7406867258
7406898799
7406841422
7406817318
7406825596
7406861682
7406857660
7406802387
7406877399
7406828950
7406855060
7406860174
7406888591
7406855161
7406859931
7406845472
7406802685
7406851429
7406889842
7406876852
7406861307
7406831537
7406869988
7406842164
7406834330
7406885823
7406852844
7406814186
7406831665
7406811574
7406851430
7406811875
7406803083
7406887912
7406879207
7406830380
7406870106
7406821919
7406846170
7406841122
7406865496
7406812731
7406868719
7406849137
7406845343
7406880365
7406886809
7406870484
7406811041
7406860973
7406837085
7406803223
7406885467
7406899384
7406877506
7406854447
7406898585
7406887673
7406807866
7406867167
7406896189
7406808847
7406842613
7406828289
7406886568
7406838456
7406832534
7406825812
7406850008
7406859069
7406831462
7406867330
7406886757
7406854778
7406859624
7406873405
7406825234
7406851914
7406891466
7406892525
7406837765
7406854962
7406883658
7406810690
7406822262
7406894779
7406863396
7406836910
7406852961
7406822135
7406865199
7406857032
7406891018
7406850502
7406895650
7406809205
7406896740
7406896536
7406809341
7406889714
7406820614
7406866561
7406895084
7406863763
7406894075
7406888425
7406859990
7406875643
7406819257
7406827753
7406872378
7406898652
7406894458
7406895340
7406856527
7406899661
7406832105
7406871479
7406829355
7406811341
7406839560
7406818948
7406881754
7406882817
7406865341
7406816363
7406803855
7406859435
7406849742
7406862251
7406845602
7406806204
7406861134
7406857430
7406846346
7406821573
7406888080
7406824266
7406852385
7406808819
7406818909
7406816653
7406885029
7406884824
7406837445
7406856939
7406820282
7406820551
7406836175
7406813607
7406834847
7406837811
7406859703
7406848236
7406811146
7406888445
7406891362
7406883611
7406897639
7406843512
7406842795
7406838245
7406840189
7406806597
7406869655
7406829727
7406835078
7406808366
7406898884
7406854626
7406871793
7406806295
7406832733
7406831899
7406813860
7406897214
7406860822
7406869174
7406817566
7406883033
7406812764
7406813785
7406895900
7406802020
7406819546
7406893810
7406882084
7406867924
7406895289
7406887613
7406892271
7406844239
7406856770
7406881637
7406832146
7406860213
7406853740
7406866856
7406813479
7406857263
7406861771
7406880159
7406864111
7406885726
7406824653
7406812365
7406819884
7406880383
7406875627
7406887732
7406802457
7406868239
7406827308
7406891870
7406847858
7406882457
7406885443
7406855713
7406827750
7406835931
7406870479
7406819486
7406883017
7406893896
7406879075
7406813772
7406845711
7406857626
7406804147
7406887046
7406889500
7406885593
7406842683
7406804262
7406802911
7406813448
7406880012
7406807227
7406856275
7406836444
7406849105
7406882386
7406844315
7406855083
7406850026
7406820885
7406858720
7406899829
7406818751
7406842803
7406879330
7406863475
7406840768
7406836992
7406888295
7406849469
7406806798
7406847030
7406877400
7406843665
7406868728
7406808151
7406808688
7406802208
7406809504
7406820976
7406888120
7406804743
7406841070
7406853157
7406899086
7406858771
7406818391
7406867654
7406847154
7406871003
7406805370
7406894045
7406836261
7406853099
7406818868
7406840332
7406808302
7406810735
7406884723
7406839531
7406848902
7406855807
7406894489
7406899473
7406804127
7406886894
7406808169
7406828105
7406881465
7406899701
7406899015
7406859220
7406867959
7406888025
7406846145
7406872304
7406824603
7406830195
7406875295
7406856552
7406872047
7406862178
7406895745
7406818432
7406821454
7406890196
7406811238
7406870409
7406816767
7406852441
7406859072
7406873272
7406877440
7406817440
7406824487
7406879975
7406814401
7406849838
7406868343
7406877560
7406886471
7406882186
7406883359
7406804361
7406890717
7406853475
7406818408
7406883649
7406829625
7406841362
7406847476
7406809293
7406854064
7406819353
7406895436
7406841946
7406807877
7406811045
7406866943
7406817272
7406806630
7406829782
7406808145
7406828390
7406806206
7406842594
7406848361
7406895589
7406804956
7406821301
7406811924
7406806537
7406835451
7406840351
7406873602
7406817341
7406809396
7406850203
7406803406
7406884339
7406838819
7406896229
7406867651
7406884162
7406806636
7406846590
7406821757
7406877061
7406809337
7406841801
7406896411
7406885446
7406825391
7406827586
7406877883
7406817853
7406895821
7406825294
7406885397
7406887812
7406861598
7406820234
7406895971
7406880380
7406894143
7406826250
7406860844
7406856922
7406899864
7406820833
7406826746
7406862029
7406810669
7406842134
7406892697
7406863844
7406842088
7406845979
7406883283
7406820482
7406859573
7406864034
7406866833
7406841483
7406894933
7406840155
7406897471
7406861702
7406879308
7406805209
7406804530
7406882108
7406844282
7406832323
7406831594
7406899598
7406820670
7406870901
7406811336
7406830305
7406858237
7406897233
7406896476
7406882258
7406819177
7406823577
7406811813
7406862715
7406803080
7406832716
7406829346
7406899905
7406875930
7406852890
7406880742
7406855144
7406862524
7406853365
7406865324
7406837214
7406851886
7406860152
7406894002
7406857049
7406893270
7406895765
7406820867
7406878067
7406815713
7406822242
7406856298
7406833095
7406845965
7406878764
7406875450
7406871403
7406811680
7406873845
7406896309
7406820583
7406896385
7406871196
7406843738
7406890533
7406849674
7406812921
7406862691
7406854362
7406814181
7406891631
7406865822
7406851589
7406842881
7406852488
7406888255
7406875559
7406836515
7406839737
7406815105
7406809773
7406833953
7406804849
7406857636
7406858259
7406817727
7406846045
7406891251
7406834585
7406839570
7406843061
7406883688
7406812888
7406807614
7406886064
7406810828
7406856337
7406834648
7406877618
7406893534
7406804404
7406899917
7406851734
7406881391
7406807560
7406894423
7406848454
7406887277
7406878379
7406858078
7406863417
7406851525
7406873178
7406881981
7406875282
7406856926
7406814790
7406843701
7406877651
7406865130
7406883982
7406833185
7406893104
7406873958
7406819933
7406882505
7406887271
7406877004
7406822213
7406893494
7406860125
7406895383
7406804862
7406821312
7406865690
7406810877
7406835941
7406824476
7406830169
7406881113
7406839503
7406810142
7406886057
7406851157
7406816821
7406889291
7406875465
7406858115
7406813552
7406893280
7406865329
7406876691
7406823331
7406830742
7406813561
7406813768
7406893334
7406810510
7406897936
7406852850
7406871593
7406867817
7406816747
7406893625
7406892620
7406810664
7406829146
7406886309
7406876150
7406893128
7406859768
7406837343
7406885448
7406892153
7406888558
7406850186
7406891381
7406892044
7406837750
7406849019
7406845539
7406881186
7406859934
7406870120
7406825469
7406878658
7406887119
7406849795
7406812802
7406896405
7406817733
7406859330
7406892453
7406813088
7406807686
7406845449
7406850647
7406872023
7406866050
7406829717
7406873464
7406833739
7406848661
7406822622
7406830598
7406806238
7406849184
7406844638
7406826236
7406814736
7406859548
7406879759
7406875110
7406862638
7406808926
7406818920
7406803362
7406856975
7406863075
7406896721
7406830041
7406845292
7406872223
7406805107
7406854155
7406855603
7406838077
7406839989
7406831216
7406806007
7406808645
7406862172
7406879441
7406864512
7406845033
7406885588
7406870047
7406896619
7406817510
7406835238
7406870264
7406869326
7406807175
7406862320
7406855604
7406842702
7406851554
7406885934
7406890670
7406843575
7406880122
7406881102
7406877516
7406837561
7406863804
7406880220
7406880678
7406809826
7406887111
7406889205
7406875230
7406857192
7406824472
7406808921
7406889437
7406898708
7406814425
7406848632
7406803921
7406821946
7406833737
7406829140
7406802600
7406826521
7406840627
7406804778
7406822711
7406812930
7406881631
7406834254
7406822279
7406899696
7406867729
7406831711
7406812573
7406883308
7406817683
7406817586
7406835492
7406830923
7406808073
7406859181
7406856945
7406843283
7406860537
7406823465
7406817594
7406860595
7406878633
7406856285
7406891242
7406829212
7406850368
7406870061
7406858156
7406887972
7406811645
7406806253
7406828379
7406825718
7406809931
7406848331
7406817598
7406849738
7406875133
7406804923
7406833914
7406810065
7406864258
7406854301
7406809231
7406884098
7406898030
7406803067
7406847981
7406856230
7406825652
7406848475
7406811024
7406858132
7406820675
7406867104
7406898642
7406860927
7406839255
7406885595
7406848076
7406892864
7406812215
7406862723
7406872479
7406878483
7406851856
7406863828
7406837291
7406889356
7406864778
7406870673
7406848447
7406803034
7406893138
7406853274
7406803773
7406899711
7406891777
7406803754
7406813914
7406888797
7406879663
7406872472
7406832947
7406809361
7406852169
7406846481
7406833371
7406874454
7406804390
7406811190
7406888026
7406817023
7406855217
7406825207
7406863927
7406867151
7406832032
7406848289
7406896604
7406874968
7406878570
7406894558
7406863767
7406811112
7406887617
7406816533
7406845917
7406824742
7406831678
7406850552
7406891437
7406816108
7406857861
7406809563
7406882702
7406811447
7406877553
7406821828
7406889854
7406871133
7406812771
7406881151
7406869747
7406854451
7406863874
7406839475
7406886618
7406892884
7406868219
7406814061
7406892265
7406832678
7406897162
7406884278
7406822174
7406880181
7406893145
7406858042
7406802539
7406824122
7406866127
7406882554
7406827999
7406813658
7406829701
7406893246
7406816216
7406807875
7406867827
7406881820
7406825400
7406876240
7406823373
7406877481
7406866623
7406876916
7406885415
7406829528
7406833620
7406891440
7406846990
7406876212
7406888914
7406860272
7406871569
7406828307
7406875298
7406826394
7406827703
7406818739
7406864495
7406811973
7406829371
7406814238
7406883125
7406813492
7406820630
7406872632
7406843274
7406886831
7406857038
7406898195
7406859166
7406809331
7406854477
7406846662
7406837368
7406895081
7406886250
7406831222
7406814478
7406830554
7406827420
7406820389
7406849666
7406856686
7406856119
7406834350
7406839302
7406893288
7406858367
7406856189
7406879958
7406880280
7406832582
7406830336
7406813549
7406814534
7406816598
7406894670
7406880501
7406890969
7406805693
7406806871
7406894885
7406874808
7406803543
7406816051
7406831430
7406862442
7406858337
7406878693
7406842679
7406832106
7406876868
7406836470
7406823050
7406865318
7406828274
7406864909
7406865756
7406853601
7406867745
7406879099
7406806105
7406827245
7406851216
7406827337
7406830159
7406827225
7406839313
7406866840
7406834186
7406825451
7406869097
7406886698
7406875367
7406861142
7406806022
7406852909
7406857782
7406821626
7406826523
7406876760
7406855232
7406897014
7406813454
7406890355
7406881866
7406853065
7406823156
7406855692
7406812871
7406895103
7406835352
7406838488
7406834007
7406817888
7406890638
7406840340
7406876387
7406883070
7406879166
7406828058
7406809309
7406876779
7406817347
7406850315
7406885494
7406894798
7406883550
7406807809
7406813485
7406828957
7406831953
7406829751
7406890553
7406897591
7406867695
7406830561
7406880987
7406841928
7406804317
7406893386
7406869803
7406871226
7406865638
7406877017
7406849732
7406814979
7406822107
7406829750
7406855869
7406856193
7406846087
7406878313
7406835160
7406812263
7406881219
7406850955
7406876328
7406885941
7406814932
7406829638
7406833238
7406893441
7406847896
7406845598
7406864876
7406824952
7406892143
7406839414
7406803308
7406883602
7406872862
7406855559
7406857857
7406879903
7406860092
7406848679
7406885019
7406852954
7406828704
7406832595
7406897910
7406842731
7406827134
7406842977
7406809437
7406814114
7406844504
7406868456
7406804891
7406847050
7406836864
7406899013
7406868024
7406887598
7406847765
7406893428
7406843513
7406859656
7406837522
7406855830
7406820875
7406884804
7406808338
7406887758
7406849210
7406881381
7406885533
7406845233
7406851588
7406840823
7406857805
7406836044
7406857955
7406819595
7406817545
7406804922
7406883166
7406838470
7406822797
7406866974
7406832685
7406839413
7406865153
7406802090
7406836900
7406888029
7406880215
7406838051
7406887150
7406829075
7406813346
7406802136
7406814236
7406853636
7406842189
7406875906
7406867321
7406845469
7406895513
7406879294
7406853005
7406843751
7406802794
7406836311
7406831877
7406832465
7406842521
7406889339
7406893358
7406804573
7406865484
7406839073
7406857424
7406807500
7406889232
7406878377
7406819404
7406819707
7406834835
7406899305
7406822937
7406864802
7406862590
7406870698
7406841057
7406861046
7406831693
7406849608
7406830173
7406892234
7406863786
7406829299
7406845332
7406833705
7406836006
7406829052
7406884434
7406832256
7406876848
7406811766
7406865049
7406872585
7406829722
7406870537
7406844084
7406823296
7406814844
7406899012
7406847868
7406847182
7406882120
7406837155
7406804728
7406886533
7406822350
7406886697
7406842750
7406839492
7406893175
7406824307
7406898858
7406863039
7406852711
7406881910
7406867785
7406898364
7406854873
7406876650
7406879555
7406897061
7406834875
7406834832
7406857384
7406864307
7406893860
7406819307
7406848443
7406823608
7406821224
7406838361
7406824524
7406899262
7406846380
7406855994
7406872716
7406894877
7406851656
7406896317
7406850081
7406822651
7406854503
7406887073
7406887126
7406847386
7406824144
7406898077
7406861427
7406829042
7406835134
7406872764
7406831279
7406826634
7406852744
7406807084
7406886281
7406824249
7406869104
7406889577
7406831157
7406838504
7406836919
7406898399
7406848275
7406878038
7406827026
7406877498
7406880435
7406804226
7406848638
7406818413
7406877133
7406841368
7406895421
7406835006
7406879946
7406875122
7406881310
7406803318
7406893287
7406817343
7406848467
7406819447
7406875658
7406827412
7406827666
7406885186
7406876554
7406836101
7406876817
7406834489
7406898271
7406850663
7406808863
7406861231
7406814978
7406869917
7406837247
7406831281
7406880553
7406892820
7406884087
7406825927
7406808394
7406859886
7406847029
7406890801
7406818768
7406845103
7406820470
7406847334
7406847855
7406834196
7406803545
7406804877
7406848555
7406851542
7406806051
7406893773
7406898018
7406877378
7406863795
7406876048
7406864940
7406859437
7406876713
7406896129
7406823460
7406881203
7406872584
7406886825
7406864927
7406819616
7406876633
