7417238571
7417296961
7417217361
7417280945
7417269282
7417263539
7417249928
7417269547
7417254153
7417276911
7417204518
7417278734
7417286005
7417297178
7417267985
7417299144
7417287887
7417207758
7417278798
7417260641
7417275706
7417240851
7417223405
7417290269
7417217293
7417250607
7417250610
7417204202
7417284108
7417243345
7417204019
7417251512
7417286941
7417253046
7417260139
7417241376
7417207375
7417214651
7417211365
7417213656
7417252128
7417286443
7417296492
7417288072
7417210535
7417243767
7417224364
7417262667
7417298943
7417221380
7417272186
7417278120
7417225160
7417237144
7417230771
7417202487
7417248297
7417267351
7417249028
7417224200
7417244949
7417280555
7417219979
7417277451
7417243746
7417203174
7417909199
7417991783
7417975721
7417980162
7417987520
7417996299
7417962404
7417963153
7417915036
7417903171
7417937153
7417958830
7417913601
7417970686
7417904269
7417990203
7417941044
7417927305
7417934515
7417980728
7417919567
7417903402
7417914501
7417952738
7417977637
7417974876
7417969621
7417957273
7417930179
7417974241
7417960128
7417987676
7417936698
7417963726
7417998144
7417923234
7417904122
7417950930
7417936309
7417951883
7417922053
7417918190
7417977899
7417909953
7417954189
7417995105
7417924613
7417987437
7417909639
7417947234
7417991033
7417928962
7417989801
7417935185
7417926871
7417966452
7417952833
7417937502
7417999778
7417929527
7417950412
7417973959
7417924310
7417916509
7417923561
7417972238
7417911726
7417966382
7417936166
7417987822
7417954590
7417919098
7417905539
7417937941
7417939728
7417961296
7441809545
7441817877
7441849165
7441845050
7441831305
7441857938
7441811941
7441869916
7441810913
7441831063
7441850913
7441820203
7441897832
7441826506
7441892135
7441889647
7441802734
7441844635
7441884134
7441834199
7441887468
7441880869
7441877230
7441813403
7441826634
7441817632
7441880218
7441807678
7441895235
7441817814
7441868512
7441835199
7441807007
7441846308
7441808503
7441866118
7441864081
7441816245
7441809839
7441865118
7441889350
7441883046
7441826948
7441872995
7441804358
7441847400
7441841735
7441838384
7441875402
7441839640
7441817310
7441803881
7441828552
7441821794
7441843781
7441856817
7441864354
7441811514
7441836115
7441897020
7441819534
7441893315
7441838982
7441828041
7441809460
7441823751
7441830299
7441856017
7441810230
7441886299
7441886134
7441849141
7441884735
7441894338
7441803761
7559758587
7559758120
7559767410
7559747608
7559798006
7559761363
7559774346
7559710866
7559779509
7559770702
7559713684
7559720706
7559769863
7559725149
7559726482
7559733258
7559708634
7559781756
7559745669
7559797917
7559786926
7559792070
7559713787
7559741398
7559702346
7559725360
7559744136
7559799674
7559793373
7559782420
7559756146
7559715643
7559706464
7559784963
7559722878
7559755045
7559732754
7559770709
7559780793
7559709565
7559791977
7559714526
7559742024
7559797131
7559777153
7559708443
7559772272
7559723122
7559735542
7559750403
7559723169
7559776544
7559757799
7559763140
7559782622
7559709758
7559749454
7559715690
7559772035
7559772495
7559748860
7559788887
7559737949
7559780178
7559736614
7559716611
7559770785
7559711800
7559796130
7559738453
7559702014
7559713527
7559784279
7559764764
7559759273
7559732107
7559768609
7559795057
7559704242
7677853432
7677815720
7677881169
7677897958
7677813852
7677891854
7677886780
7677898533
7677898049
7677809100
7677881910
7677809641
7677886935
7677886787
7677892979
7677850138
7677836104
7677892999
7677897701
7677876503
7677896263
7677820101
7677846972
7677869231
7677804445
7677848766
7677817020
7677884808
7677863110
7677809761
7677873006
7677808654
7677882703
7677899210
7677840210
7677892196
7677863377
7677888405
7677868621
7677824045
7677839561
7677878676
7677811559
7677883696
7677830187
7677826294
7677824142
7677836231
7677802678
7677844726
7677829088
7677844172
7677894509
7677835518
7677871294
7677882458
7677879237
7677885268
7677896009
7677860405
7677869874
7677812077
7677806670
7677839432
7677892254
7677856215
7677894704
7677823635
7677876418
7677834504
7677857765
7677856248
7677849453
7677825608
7677844820
7677887592
7677825682
7677834414
7677816260
7417969095
7559720415
7677874512
7406877355
7417219934
7417285096
7417289423
7417234333
7417275088
7417235021
7417264260
7417260415
7417242887
7417226057
7417299720
7417217302
7417248558
7417299783
7417296683
7417285443
7417260739
7417261918
7417296914
7417233317
7417230703
7417248803
7417253331
7417236368
7417260176
7417235267
7417283747
7417279491
7417289427
7417228797
7417229339
7417298774
7417237956
7417245849
7417278248
7417219054
7417244857
7417221727
7417268438
7417280982
7417287010
7417235020
7417231124
7417209087
7417237794
7417230956
7417251410
7417208280
7417215589
7417259271
7417221368
7417228867
7417273461
7417268554
7417269836
7417236598
7417204146
7417263312
7417211728
7417233898
7417228657
7417251293
7417263188
7417209443
7417243391
7417203789
7417281279
7417205233
7417262661
7417202375
7417292653
7417205943
7417238110
7417203810
7417229737
7417261811
7417295291
7417253212
7417223948
7417267331
7417265057
7417217797
7417241928
7417245228
7417280382
7417264780
7417223476
7417254021
7417257297
7417244986
7417221424
7417220116
7417265536
7417229856
7417293497
7417227368
7417288981
7417240714
7417259492
7417238730
7417223432
7417230404
7417213652
7417268179
7417269284
7417227495
7417230032
7417214279
7417288059
7417222374
7417276225
7417288626
7417241665
7417293726
7417202785
7417232425
7417277506
7417213143
7417248922
7417261422
7417287655
7417272710
7417261851
7417251110
7417275191
7417218601
7417212800
7417210559
7417259456
7417240171
7417246617
7417212674
7417250538
7417263265
7417293101
7417226438
7417224750
7417246428
7417291541
7417297584
7417288932
7417241688
7417257098
7417258000
7417212446
7417269205
7417225056
7417239916
7417277823
7417204980
7417274491
7417240217
7417216162
7417269001
7417227184
7417272799
7417251457
7417229660
7417222182
7417236508
7417238312
7417202082
7417206695
7417245225
7417250415
7417276624
7417259828
7417260889
7417287942
7417221114
7417202213
7417265582
7417217636
7417278855
7417230709
7417210283
7417230860
7417208948
7417243151
7417211583
7417279110
7417231329
7417270394
7417254001
7417244869
7417225850
7417251746
7417223511
7417208804
7417209460
7417262851
7417265214
7417207504
7417258948
7417236418
7417272760
7417212966
7417271748
7417213724
7417207405
7417215945
7417299754
7417282197
7417278785
7417263537
7417228468
7417274120
7417207889
7417208460
7417261667
7417214347
7417277132
7417220130
7417237026
7417247446
7417273510
7417275074
7417218792
7417252109
7417247986
7417263751
7417280938
7417251241
7417249903
7417211203
7417231128
7417276411
7417271111
7417243486
7417212698
7417246445
7417267044
7417272741
7417265860
7417265712
7417230167
7417234277
7417276255
7417207826
7417294935
7417208016
7417229376
7417205582
7417274860
7417292187
7417212366
7417207124
7417249224
7417251636
7417252147
7417257917
7417292526
7417230938
7417273677
7417227332
7417211056
7417291212
7417214949
7417242459
7417289452
7417247110
7417256635
7417298188
7417218640
7417280344
7417279815
7417255873
7417255665
7417261427
7417273233
7417233895
7417210737
7417245531
7417285299
7417255436
7417261034
7417293547
7417263452
7417270047
7417272449
7417229718
7417214727
7417270737
7417237827
7417280151
7417210631
7417283253
7417219693
7417205257
7417218966
7417288428
7417271553
7417250822
7417260816
7417225813
7417215426
7417219841
7417211398
7417207849
7417230112
7417221849
7417231364
7417271230
7417264223
7417209595
7417220194
7417250419
7417298031
7417276578
7417254491
7417225808
7417250738
7417288936
7417286484
7417295806
7417217795
7417253539
7417267740
7417286630
7417217553
7417266058
7417270119
7417239772
7417277152
7417261418
7417229122
7417269986
7417239779
7417293953
7417261555
7417212269
7417204541
7417221711
7417288478
7417204644
7417239989
7417254039
7417297791
7417256743
7417223695
7417257443
7417298321
7417202024
7417272936
7417236802
7417293398
7417269978
7417202306
7417232340
7417218499
7417249679
7417242588
7417209284
7417278475
7417268289
7417211323
7417288393
7417246121
7417238109
7417263918
7417282778
7417247507
7417276505
7417244192
7417266356
7417210026
7417210731
7417210223
7417215453
7417268706
7417222968
7417265456
7417244225
7417251573
7417244314
7417233698
7417255776
7417253830
7417231157
7417240106
7417228550
7417223839
7417287178
7417298786
7417282161
7417293742
7417224541
7417202320
7417227328
7417292217
7417292489
7417264595
7417211873
7417252337
7417207900
7417243457
7417219173
7417247867
7417253677
7417212988
7417279040
7417284212
7417288703
7417297497
7417217227
7417223481
7417226668
7417280617
7417234729
7417299591
7417203396
7417273026
7417270021
7417245298
7417233880
7417258047
7417202964
7417287093
7417231050
7417233540
7417216290
7417257502
7417272445
7417239020
7417239866
7417241811
7417227188
7417244541
7417267023
7417240850
7417221878
7417230567
7417238937
7417296320
7417268650
7417221370
7417211913
7417255532
7417262271
7417225123
7417233969
7417211035
7417236592
7417288582
7417299967
7417206140
7417202929
7417268436
7417238816
7417216283
7417240175
7417263180
7417266715
7417231745
7417264162
7417249857
7417229123
7417210501
7417239959
7417225947
7417285640
7417244053
7417287673
7417262353
7417239066
7417277447
7417267668
7417275749
7417227187
7417253323
7417283350
7417243120
7417238320
7417284963
7417270156
7417294682
7417227810
7417297255
7417244116
7417211501
7417275676
7417272429
7417229464
7417242786
7417251443
7417253093
7417246035
7417295967
7417233639
7417255289
7417238627
7417228247
7417250461
7417252904
7417285440
7417228389
7417230005
7417242326
7417285652
7417264093
7417205762
7417212261
7417249182
7417242816
7417231722
7417247939
7417288034
7417289190
7417206707
7417204732
7417208607
7417297766
7417235622
7417242479
7417289962
7417260425
7417204441
7417224015
7417273918
7417240426
7417285989
7417298907
7417262176
7417279498
7417224955
7417226387
7417202900
7417270247
7417273695
7417276762
7417288269
7417291169
7417202725
7417221891
7417272661
7417293525
7417296957
7417212653
7417212909
7417222682
7417263370
7417255002
7417255576
7417266453
7417274554
7417243067
7417238905
7417237259
7417240910
7417247966
7417248820
7417269018
7417286008
7417217270
7417291039
7417238403
7417233206
7417264149
7417286027
7417239422
7417203452
7417220108
7417280183
7417281375
7417275696
7417291456
7417218918
7417229677
7417295102
7417294009
7417255299
7417232832
7417221763
7417208786
7417264495
7417204015
7417239051
7417243860
7417229173
7417204097
7417264066
7417227747
7417249974
7417285934
7417230223
7417239993
7417295107
7417247771
7417214771
7417260972
7417287240
7417271284
7417211870
7417272871
7417290311
7417211817
7417218323
7417238091
7417236155
7417202688
7417221181
7417260519
7417255354
7417286457
7417245150
7417265245
7417231222
7417253990
7417205944
7417284666
7417282804
7417239107
7417277638
7417283777
7417243331
7417232372
7417283591
7417280937
7417218389
7417211135
7417254949
7417208877
7417216658
7417212006
7417291453
7417299682
7417267659
7417277986
7417281425
7417217524
7417277212
7417251538
7417243934
7417249464
7417273602
7417232624
7417221252
7417224221
7417247133
7417266200
7417235187
7417228609
7417295601
7417246612
7417214630
7417224790
7417222946
7417279057
7417261402
7417286568
7417271853
7417207197
7417221128
7417252554
7417237652
7417247869
7417293606
7417256399
7417215130
7417246118
7417224989
7417265858
7417255109
7417223869
7417224532
7417260943
7417245873
7417295255
7417205536
7417249644
7417226100
7417293810
7417202799
7417229791
7417274418
7417226162
7417273309
7417291196
7417270939
7417216968
7417264858
7417261632
7417298662
7417230153
7417931628
7417934302
7417976421
7417938364
7417936978
7417902956
7417950734
7417920965
7417937753
7417987412
7417922815
7417999889
7417950690
7417964009
7417977464
7417924762
7417946691
7417914899
7417948662
7417914453
7417918310
7417991680
7417919734
7417944685
7417902893
7417966386
7417949750
7417990183
7417964471
7417962701
7417990637
7417993746
7417986730
7417994540
7417918034
7417905302
7417937170
7417985788
7417992603
7417927491
7417914986
7417958870
7417981691
7417958142
7417931151
7417963949
7417964250
7417984912
7417962137
7417965202
7417924085
7417961590
7417924176
7417974496
7417907000
7417904354
7417988649
7417956470
7417991525
7417961519
7417971843
7417916656
7417963317
7417973380
7417904203
7417964339
7417985977
7417964519
7417934002
7417906214
7417948784
7417916548
7417955958
7417952545
7417929588
7417959536
7417922480
7417970054
7417924835
7417910790
7417947986
7417952447
7417948218
7417924842
7417918736
7417955003
7417965492
7417981605
7417913770
7417992592
7417944757
7417955871
7417914853
7417983239
7417987022
7417953722
7417926435
7417955981
7417905679
7417969048
7417993743
7417962300
7417907588
7417939408
7417983527
7417994356
7417924396
7417916300
7417927224
7417981608
7417970404
7417922260
7417969969
7417920523
7417934449
7417926921
7417943511
7417928632
7417981591
7417956236
7417924459
7417969306
7417988367
7417999981
7417918172
7417904156
7417953319
7417963780
7417985156
7417997689
7417911787
7417984011
7417965011
7417913314
7417913862
7417957404
7417999895
7417970573
7417931959
7417959940
7417908348
7417928372
7417959779
7417914139
7417938720
7417969324
7417954391
7417934867
7417974918
7417939227
7417928489
7417983135
7417905767
7417945658
7417912590
7417935995
7417903471
7417929207
7417968566
7417966378
7417976600
7417978539
7417945781
7417941342
7417977526
7417923115
7417916588
7417974126
7417906681
7417986713
7417905995
7417937610
7417931572
7417909793
7417970922
7417973977
7417959193
7417963789
7417911415
7417983857
7417962488
7417903297
7417958463
7417973901
7417932078
7417908702
7417917594
7417923179
7417988442
7417942629
7417955125
7417947724
7417937951
7417999498
7417997183
7417962509
7417992759
7417929071
7417910937
7417974027
7417989835
7417927450
7417948864
7417921662
7417986099
7417952443
7417986759
7417932490
7417985091
7417960003
7417953129
7417928348
7417950361
7417996600
7417969596
7417931641
7417990839
7417996038
7417903670
7417928229
7417930053
7417930333
7417924493
7417939896
7417975454
7417950448
7417981860
7417942182
7417970274
7417970081
7417919993
7417927266
7417909805
7417908962
7417945767
7417960404
7417985522
7417925797
7417979628
7417983162
7417950324
7417931925
7417904024
7417978799
7417907681
7417916345
7417964415
7417960296
7417914601
7417952413
7417970667
7417972337
7417975338
7417972717
7417994126
7417976686
7417910656
7417947810
7417920206
7417989540
7417987171
7417922160
7417947439
7417962109
7417998819
7417976724
7417912644
7417930959
7417915070
7417997330
7417917873
7417942827
7417902502
7417970681
7417919059
7417950007
7417902161
7417911930
7417967819
7417969735
7417958770
7417902267
7417925651
7417925039
7417973946
7417954052
7417995543
7417926091
7417924772
7417911739
7417990771
7417907087
7417902659
7417940357
7417999869
7417924397
7417947690
7417922057
7417917635
7417941779
7417911382
7417965560
7417990184
7417926237
7417952746
7417959511
7417947204
7417934868
7417965343
7417960476
7417915466
7417998416
7417971875
7417965491
7417982623
7417904294
7417982494
7417967273
7417990988
7417979676
7417906938
7417916226
7417919298
7417994698
7417986571
7417950222
7417910144
7417919545
7417928012
7417930494
7417937067
7417912127
7417903230
7417905953
7417925460
7417928478
7417935321
7417949103
7417960088
7417909244
7417902509
7417913093
7417987189
7417987970
7417964256
7417937609
7417965810
7417959994
7417911404
7417976895
7417920584
7417941790
7417912826
7417982194
7417915515
7417937539
7417907694
7417986293
7417954699
7417999842
7417971839
7417917801
7417997721
7417904957
7417972966
7417928315
7417904928
7417973377
7417959172
7417922657
7417925335
7417924794
7417948389
7417946839
7417982325
7417978883
7417903258
7417927151
7417942385
7417956197
7417976954
7417995829
7417924254
7417955077
7417919908
7417938685
7417968922
7417936390
7417918278
7417909179
7417917073
7417911062
7417934604
7417906125
7417939650
7417969097
7417928281
7417921795
7417935465
7417940801
7417919800
7417929445
7417938154
7417982658
7417920380
7417982788
7417973430
7417981892
7417987827
7417998782
7417928346
7417994492
7417905238
7417966069
7417913640
7417925867
7417996606
7417977711
7417987863
7417999963
7417966877
7417945231
7417961246
7417969955
7417922006
7417904213
7417928666
7417929120
7417961511
7417981921
7417992469
7417998433
7417983222
7417937214
7417944306
7417998984
7417902550
7417902670
7417974112
7417942344
7417955210
7417975270
7417932170
7417964842
7417935252
7417925011
7417908833
7417956600
7417967966
7417988882
7417961140
7417926201
7417965540
7417968453
7417912031
7417929959
7417951717
7417962312
7417924094
7417976864
7417945065
7417992675
7417942866
7417921647
7417905521
7417926975
7417930012
7417958989
7417918891
7417920894
7417970609
7417997067
7417933954
7417910314
7417928856
7417909666
7417905883
7417956656
7417992122
7417977850
7417929498
7417908530
7417998785
7417985005
7417952606
7417916870
7417959915
7417956493
7417944903
7417921719
7417913209
7417976003
7417924886
7417949563
7417959257
7417940878
7417928425
7417962690
7417937874
7417928615
7417948924
7417996219
7417906468
7417999833
7417937363
7417976027
7417956981
7417978882
7417902152
7417948596
7417927897
7417959097
7417981382
7417944612
7417968470
7417923612
7417971282
7417932761
7417975940
7417931947
7417923545
7417983260
7417986772
7417991468
7417960250
7417964562
7417910578
7417925056
7417916256
7417923049
7417938830
7417979381
7417996406
7417945565
7417929739
7417966330
7417992246
7417918962
7417938941
7417957420
7417999692
7417929871
7417985851
7417967159
7417948250
7417993911
7417929417
7417943663
7417943915
7417988402
7417929954
7417913756
7417920520
7417944386
7417924802
7417986723
7417955930
7417921016
7417984145
7417923354
7417937026
7417937705
7417956464
7417962556
7417950638
7417993287
7417935764
7417987568
7417907786
7417930391
7417987496
7417961881
7417965212
7417909290
7417910606
7417976729
7417976829
7417963868
7417951849
7417928363
7417933226
7417976306
7417976576
7417946797
7417952134
7417912487
7417964701
7417940434
7417987390
7417923811
7417985800
7417911974
7417936074
7417993251
7417926181
7417974095
7417954199
7417967336
7417934527
7417939158
7417994072
7417910117
7417916800
7417955436
7417960436
7417933408
7417957018
7417966259
7417970338
7417958741
7417976681
7417981256
7417927294
7417977695
7417980446
7417921478
7417904573
7417950053
7417915207
7417909478
7417947100
7417983011
7417940796
7417955928
7417960096
7417962265
7417942525
7417942612
7417950812
7417927651
7417913839
7417954380
7417983144
7417960941
7417913038
7417944517
7417934797
7417917890
7417904922
7417974023
7417989630
7417987951
7417949880
7417939904
7417986088
7417967683
7417925677
7417910484
7417946945
7417944598
7417908941
7417984699
7417930848
7417962244
7417982755
7417936885
7417962816
7417910300
7417925486
7417924783
7417977751
7417940115
7417988491
7417978857
7417963010
7417954885
7417916715
7417919906
7417993703
7417937748
7417902887
7417993627
7417949074
7417984146
7417925137
7417960037
7417964202
7417992423
7417974590
7417997907
7417928044
7417920833
7417999448
7417992436
7417975128
7417991260
7441821026
7441889410
7441826459
7441827635
7441852785
7441850510
7441860780
7441842260
7441835130
7441853284
7441860993
7441861606
7441879069
7441878954
7441866535
7441886359
7441842934
7441875716
7441864344
7441848381
7441855427
7441806862
7441857683
7441810796
7441817418
7441868193
7441871571
7441850923
7441891957
7441815141
7441877144
7441839408
7441832821
7441807872
7441894817
7441874136
7441853725
7441833859
7441843137
7441809387
7441806045
7441851320
7441825591
7441818203
7441876936
7441819693
7441838191
7441864503
7441811627
7441836219
7441843407
7441827232
7441816783
7441881295
7441874786
7441850250
7441813878
7441808530
7441826078
7441802298
7441891512
7441857018
7441874842
7441856783
7441861244
7441842008
7441810865
7441842800
7441871912
7441810099
7441852965
7441881385
7441874983
7441837708
7441850171
7441855733
7441885171
7441808726
7441833894
7441899141
7441831721
7441898250
7441889053
7441877493
7441819721
7441897492
7441848065
7441806641
7441891347
7441866298
7441866103
7441887937
7441816474
7441834385
7441824153
7441850636
7441817996
7441831476
7441836775
7441898425
7441867946
7441821085
7441855959
7441864863
7441888080
7441832084
7441805744
7441844165
7441824300
7441833251
7441834944
7441865461
7441897561
7441818945
7441845670
7441819228
7441890478
7441817378
7441862567
7441840655
7441898580
7441884972
7441818129
7441879607
7441806338
7441875923
7441895452
7441861091
7441872916
7441845689
7441808660
7441856764
7441897297
7441848813
7441864557
7441824839
7441808756
7441835769
7441825530
7441843829
7441897776
7441829236
7441832664
7441851950
7441817559
7441838334
7441813112
7441855964
7441856191
7441884931
7441868898
7441898463
7441870552
7441816912
7441886793
7441840313
7441892616
7441899614
7441827219
7441875258
7441878491
7441825829
7441877656
7441881845
7441839855
7441884297
7441807163
7441806583
7441857294
7441826148
7441894308
7441852855
7441882106
7441820726
7441867245
7441845668
7441816956
7441836421
7441872802
7441835968
7441860274
7441821977
7441811663
7441846431
7441818515
7441881377
7441861273
7441821785
7441845676
7441847606
7441809694
7441814666
7441896671
7441861263
7441811069
7441825107
7441878041
7441884554
7441818682
7441857890
7441872302
7441833078
7441826731
7441873517
7441862586
7441856260
7441889815
7441828364
7441826543
7441894266
7441872944
7441877356
7441819565
7441832351
7441860649
7441829323
7441892837
7441862084
7441890798
7441886127
7441811785
7441877108
7441896475
7441839251
7441830530
7441865440
7441813833
7441855885
7441864079
7441824496
7441892335
7441880812
7441898608
7441845866
7441815631
7441818658
7441887742
7441805993
7441867385
7441889224
7441817357
7441805888
7441895866
7441840977
7441873222
7441886949
7441826598
7441891582
7441885313
7441862798
7441888452
7441852932
7441863785
7441843293
7441810120
7441805020
7441859864
7441888143
7441815533
7441863313
7441833442
7441869551
7441859857
7441843403
7441811543
7441847598
7441839363
7441824325
7441803561
7441877500
7441878120
7441853950
7441837976
7441899095
7441855095
7441854465
7441835310
7441857254
7441814022
7441825497
7441885449
7441877811
7441864473
7441860998
7441883022
7441839136
7441802510
7441878392
7441814317
7441814083
7441844348
7441884960
7441898194
7441886702
7441869131
7441871939
7441859037
7441895973
7441813694
7441879372
7441896174
7441888770
7441885202
7441828832
7441829402
7441874795
7441861318
7441813029
7441833106
7441888457
7441883069
7441859352
7441862003
7441806359
7441865746
7441891639
7441857526
7441854338
7441880141
7441805729
7441885207
7441863015
7441803521
7441807871
7441867043
7441812369
7441872796
7441813758
7441877070
7441853435
7441840822
7441829141
7441832693
7441892176
7441826902
7441880830
7441877747
7441812672
7441817734
7441832265
7441895661
7441898521
7441899638
7441854388
7441846220
7441839180
7441858265
7441835185
7441834736
7441836301
7441834666
7441834200
7441830013
7441858246
7441877964
7441820666
7441876628
7441892009
7441869170
7441851091
7441888585
7441884774
7441808992
7441823983
7441851966
7441823641
7441816149
7441844898
7441891706
7441852694
7441885135
7441869937
7441894654
7441807119
7441839011
7441895389
7441804038
7441891024
7441868922
7441896872
7441833837
7441872155
7441880127
7441898416
7441817083
7441827644
7441868445
7441895971
7441884872
7441834676
7441830552
7441892468
7441895061
7441865803
7441863708
7441843834
7441887049
7441803143
7441823330
7441808897
7441821925
7441828289
7441882308
7441846232
7441808595
7441859206
7441861041
7441866411
7441813910
7441878364
7441864169
7441807149
7441833710
7441809492
7441822113
7441807950
7441856914
7441850417
7441818335
7441803816
7441830275
7441867939
7441860572
7441822944
7441877779
7441811686
7441879226
7441858150
7441805461
7441863781
7441873714
7441879401
7441887367
7441861419
7441830897
7441826448
7441877803
7441869284
7441858728
7441864843
7441828378
7441897321
7441854871
7441858600
7441819596
7441863744
7441865574
7441838431
7441842469
7441876815
7441885683
7441815320
7441810418
7441872731
7441830593
7441816913
7441862699
7441807923
7441891476
7441851686
7441842983
7441881379
7441899594
7441896362
7441847762
7441810810
7441850398
7441892953
7441818190
7441890345
7441803231
7441824881
7441808062
7441814955
7441844707
7441803027
7441827025
7441873655
7441819696
7441875539
7441842585
7441859073
7441851753
7441881943
7441892287
7441812103
7441893053
7441887396
7441835147
7441836997
7441832975
7441819111
7441832988
7441811947
7441824832
7441840543
7441845013
7441807011
7441819805
7441870569
7441881479
7441862066
7441812718
7441874476
7441857440
7441869228
7441883209
7441875414
7441808478
7441873202
7441828132
7441836957
7441835378
7441838809
7441868301
7441839205
7441826203
7441828499
7441898216
7441850784
7441863269
7441813978
7441811181
7441851527
7441853904
7441834466
7441898749
7441819109
7441842153
7441865308
7441866068
7441811156
7441874388
7441822891
7441841281
7441816382
7441875334
7441876418
7441834109
7441832907
7441811836
7441827271
7441850230
7441885562
7441809674
7441872119
7441885927
7441855590
7441896992
7441897519
7441893996
7441828184
7441854670
7441886553
7441831238
7441845722
7441816038
7441835062
7441866381
7441836061
7441892180
7441868829
7441808228
7441822587
7441831852
7441845049
7441896318
7441879117
7441852427
7441891377
7441858121
7441853652
7441817219
7441861629
7441842668
7441845233
7441896430
7441810797
7441885731
7441848091
7441886226
7441827139
7441831179
7441842637
7441803771
7441878128
7441882074
7441887029
7441831788
7441846258
7441882212
7441848055
7441843327
7441857601
7441834459
7441893291
7441845702
7441864979
7441833206
7441861328
7441877009
7441887817
7441845627
7441855616
7441802335
7441838297
7441887535
7441899998
7441822361
7441861082
7441817375
7441867567
7441822859
7441883524
7441893862
7441857661
7441808113
7441894842
7441848415
7441847044
7441843272
7441844466
7441826155
7441803950
7441814188
7441860934
7441862990
7441810168
7441852500
7441892914
7441861789
7441869877
7441836661
7441848970
7441866533
7441853920
7441806144
7441850232
7441827510
7441867167
7441809186
7441879470
7441814330
7441808621
7441893635
7441811117
7441871206
7441827821
7441882966
7441879809
7441839327
7441849076
7441814598
7441867749
7441825919
7441817175
7441854626
7441810927
7441859981
7441802001
7441842619
7441839424
7441811125
7441807371
7441836797
7441892586
7441818487
7441853013
7559730033
7559704350
7559757194
7559708887
7559750767
7559742963
7559710361
7559796403
7559792681
7559729143
7559743690
7559798527
7559784890
7559712802
7559716578
7559741582
7559717543
7559734447
7559733381
7559741124
7559752417
7559792373
7559769240
7559756640
7559778145
7559787545
7559777469
7559784108
7559711712
7559720174
7559710299
7559791843
7559778346
7559796653
7559733665
7559758682
7559783191
7559724920
7559799999
7559763753
7559759080
7559779518
7559736151
7559775451
7559783692
7559707885
7559704320
7559783816
7559758655
7559765901
7559759208
7559753583
7559753741
7559769112
7559777360
7559757759
7559716813
7559749997
7559708397
7559739596
7559769466
7559704618
7559738372
7559735691
7559727281
7559775561
7559753670
7559791146
7559714832
7559716033
7559743197
7559723039
7559734091
7559723056
7559706391
7559736053
7559762585
7559771293
7559786272
7559727313
7559711410
7559727725
7559726680
7559754580
7559749168
7559754675
7559706554
7559778645
7559777377
7559773062
7559790825
7559785782
7559737363
7559736157
7559788287
7559729998
7559704231
7559767963
7559740675
7559712858
7559749849
7559736250
7559790852
7559714824
7559719350
7559766143
7559794367
7559765141
7559785253
7559749809
7559753000
7559728054
7559748280
7559767478
7559736888
7559758379
7559758163
7559785642
7559788674
7559715945
7559763653
7559703949
7559724992
7559786882
7559730758
7559750203
7559789617
7559715007
7559733838
7559774463
7559776248
7559738146
7559786113
7559740878
7559778144
7559721823
7559795167
7559781696
7559796794
7559715874
7559748564
7559773831
7559758108
7559746891
7559779322
7559741957
7559738194
7559765902
7559799515
7559796235
7559796968
7559740954
7559762490
7559794074
7559767601
7559721389
7559763460
7559742308
7559739218
7559745320
7559758571
7559735144
7559750956
7559745347
7559718293
7559747044
7559754999
7559778071
7559727332
7559708795
7559788714
7559795277
7559721329
7559708079
7559760636
7559793892
7559749879
7559756645
7559772954
7559730954
7559797312
7559710854
7559792755
7559718064
7559729048
7559766212
7559788142
7559736425
7559711770
7559767432
7559709836
7559778491
7559781743
7559777824
7559739182
7559780115
7559703966
7559797008
7559714357
7559777308
7559711969
7559758174
7559777267
7559795310
7559793829
7559718635
7559728271
7559708729
7559747141
7559780008
7559790162
7559722302
7559773945
7559764992
7559797541
7559781112
7559770118
7559796298
7559741385
7559737362
7559783689
7559752378
7559781984
7559761003
7559732080
7559798797
7559787968
7559738045
7559709506
7559723137
7559762468
7559756875
7559734757
7559788187
7559775692
7559796267
7559724605
7559726558
7559732148
7559796061
7559785783
7559740149
7559715564
7559762923
7559731808
7559781715
7559735326
7559781462
7559719859
7559795943
7559761831
7559762582
7559763195
7559703937
7559743392
7559790194
7559738411
7559711186
7559762911
7559746979
7559768900
7559745999
7559762208
7559789743
7559710950
7559776666
7559743502
7559718686
7559752118
7559793603
7559708696
7559728072
7559712726
7559754931
7559704456
7559731390
7559751623
7559736373
7559703654
7559759579
7559783338
7559748190
7559733671
7559798781
7559728216
7559790419
7559704545
7559766077
7559757087
7559702104
7559709728
7559743856
7559773671
7559763381
7559756084
7559730936
7559791553
7559777256
7559707381
7559714261
7559778257
7559750593
7559704747
7559716792
7559799962
7559717754
7559795128
7559769202
7559773668
7559725852
7559704959
7559766018
7559781176
7559723198
7559741649
7559766611
7559791188
7559736246
7559788347
7559709767
7559745280
7559773025
7559738142
7559708131
7559799033
7559720766
7559718134
7559732311
7559703153
7559776701
7559757714
7559715479
7559706845
7559758987
7559734443
7559705671
7559786944
7559714666
7559713606
7559754294
7559797202
7559757163
7559716246
7559755531
7559711530
7559737229
7559711483
7559702125
7559703285
7559785134
7559748301
7559714964
7559727591
7559728280
7559734760
7559737774
7559707230
7559746620
7559712273
7559776360
7559749533
7559767049
7559789859
7559736374
7559776984
7559729131
7559770557
7559761850
7559788621
7559744141
7559713219
7559770790
7559720936
7559780814
7559741008
7559753129
7559744318
7559735874
7559743220
7559709367
7559741392
7559730513
7559766525
7559782106
7559790063
7559754268
7559795726
7559789171
7559764876
7559786395
7559737683
7559774211
7559725640
7559767695
7559709790
7559792265
7559731842
7559772763
7559783445
7559783616
7559784893
7559786514
7559771798
7559756889
7559758313
7559731285
7559780155
7559777616
7559756794
7559771796
7559764911
7559707782
7559730850
7559789857
7559787725
7559764001
7559766239
7559748290
7559703924
7559721362
7559731161
7559752078
7559772441
7559776205
7559796663
7559797955
7559702798
7559713930
7559708660
7559786398
7559764441
7559791029
7559757051
7559753334
7559710833
7559703781
7559735655
7559754866
7559744636
7559711976
7559757576
7559792260
7559756498
7559767071
7559722141
7559721700
7559753532
7559713450
7559739150
7559788540
7559797854
7559796719
7559765025
7559780392
7559761997
7559774574
7559781679
7559747399
7559735878
7559738463
7559732207
7559720989
7559733532
7559745217
7559761152
7559760830
7559704160
7559737842
7559726251
7559757647
7559719945
7559754653
7559714461
7559771114
7559721274
7559708078
7559752562
7559716963
7559780346
7559786027
7559777478
7559737345
7559703983
7559746479
7559792161
7559790555
7559737466
7559788651
7559777794
7559788254
7559756159
7559743257
7559724854
7559734382
7559719257
7559728154
7559782093
7559726450
7559773758
7559777289
7559799918
7559738477
7559714343
7559754186
7559712122
7559737941
7559760120
7559763629
7559725613
7559782004
7559735752
7559792578
7559732294
7559735848
7559707653
7559713418
7559799265
7559783146
7559769488
7559793702
7559778025
7559709214
7559713724
7559739655
7559778252
7559781774
7559783975
7559738933
7559711776
7559772835
7559743559
7559702497
7559704035
7559713034
7559722492
7559770740
7559709494
7559749352
7559766813
7559739528
7559757535
7559758737
7559743965
7559716916
7559740051
7559754346
7559766432
7559768129
7559749229
7559798162
7559772525
7559730122
7559710260
7559768288
7559720195
7559749799
7559753246
7559751008
7559752641
7559710294
7559795440
7559762041
7559754747
7559764204
7559747853
7559767174
7559728645
7559736218
7559797712
7559763581
7559741640
7559778225
7559778778
7559780515
7559780466
7559760674
7559702335
7559766070
7559761226
7559731487
7559734943
7559721953
7559770169
7559735209
7559797692
7559770189
7559728829
7559728003
7559779790
7559786695
7559777188
7559745444
7559797710
7559795919
7559771392
7559728908
7559732666
7559724002
7559735943
7559763557
7559780032
7559709564
7559779453
7559766871
7559782166
7559778115
7559782401
7559706412
7559726796
7559724039
7559727296
7559741092
7559768540
7559720058
7559742624
7559730613
7559748008
7559738712
7559703372
7559703341
7559737612
7559796172
7559725942
7559762107
7559777655
7559799782
7559754062
7559760989
7559786212
7559737676
7559788850
7559702466
7559721736
7559766372
7559739300
7559749520
7559711210
7559747736
7559778695
7559788956
7559782444
7559719120
7559760229
7559731753
7559745117
7559796936
7559732521
7559734710
7559791891
7559787798
7559739981
7559784686
7559753223
7559735890
7559763434
7559797169
7559790075
7559753590
7559721501
7559737771
7559744802
7559781747
7559746453
7559774761
7559784098
7559714488
7559797913
7559791737
7559764763
7559704100
7559718835
7559796407
7559789290
7559719085
7559777845
7559740613
7559716802
7559739848
7559772167
7559755526
7559789264
7677877272
7677825448
7677897988
7677894507
7677868394
7677878305
7677877688
7677818627
7677880515
7677877298
7677867199
7677832723
7677856265
7677824573
7677844928
7677859367
7677803126
7677871136
7677851520
7677866043
7677828661
7677856350
7677823154
7677818078
7677813617
7677825875
7677872023
7677834013
7677858057
7677844721
7677817716
7677848711
7677848739
7677855431
7677814939
7677896766
7677828480
7677823527
7677840159
7677895414
7677890663
7677809812
7677840819
7677802158
7677804405
7677847710
7677894101
7677816832
7677826081
7677836556
7677808638
7677886756
7677851955
7677886527
7677818906
7677834917
7677834721
7677890970
7677877702
7677825167
7677843643
7677886736
7677819766
7677849768
7677819211
7677847612
7677817627
7677852710
7677870554
7677865122
7677832438
7677863571
7677832470
7677846077
7677871452
7677819687
7677846631
7677888858
7677858554
7677866319
7677812946
7677811008
7677810728
7677893500
7677806006
7677823504
7677814903
7677869148
7677899458
7677810791
7677892069
7677850156
7677850476
7677839999
7677853318
7677862518
7677832246
7677844059
7677862906
7677872636
7677804307
7677873559
7677806047
7677876687
7677832814
7677830543
7677894430
7677823027
7677822180
7677857411
7677833671
7677844635
7677888692
7677803473
7677830650
7677833633
7677896037
7677892007
7677816964
7677818643
7677817763
7677813874
7677840051
7677878725
7677810091
7677845392
7677816411
7677880063
7677870926
7677891546
7677882738
7677834297
7677854997
7677852064
7677871137
7677803460
7677899157
7677856645
7677832562
7677892687
7677898658
7677856367
7677851390
7677825730
7677813247
7677873964
7677843812
7677808802
7677823326
7677843664
7677832692
7677822535
7677885396
7677811553
7677894730
7677812518
7677803998
7677868415
7677848544
7677883193
7677845059
7677849950
7677881009
7677887790
7677808171
7677812776
7677890407
7677880075
7677828168
7677881908
7677862960
7677802196
7677802683
7677849503
7677869781
7677889001
7677896072
7677843305
7677883108
7677883757
7677844177
7677815389
7677861397
7677846690
7677870796
7677875862
7677895163
7677888982
7677892729
7677879125
7677866583
7677833439
7677863349
7677841553
7677882539
7677889943
7677847101
7677807008
7677849901
7677864263
7677816597
7677810614
7677893916
7677894491
7677876934
7677869135
7677880547
7677868059
7677837701
7677815418
7677839964
7677816795
7677850002
7677870480
7677872368
7677808357
7677842482
7677820379
7677856228
7677847127
7677812603
7677815765
7677851490
7677833318
7677830073
7677817785
7677822683
7677891020
7677852590
7677838089
7677871366
7677831421
7677827777
7677888733
7677890239
7677844788
7677807046
7677809186
7677884754
7677876515
7677840682
7677898569
7677894552
7677868688
7677817404
7677890039
7677837523
7677827682
7677850744
7677858517
7677862907
7677858118
7677830848
7677858757
7677804660
7677848881
7677835391
7677811074
7677865544
7677857405
7677820535
7677855711
7677806220
7677804030
7677887014
7677811997
7677890074
7677872982
7677815341
7677804222
7677845183
7677882477
7677897842
7677855887
7677859255
7677844489
7677886578
7677805753
7677826716
7677802825
7677864986
7677869295
7677857247
7677865057
7677889256
7677837039
7677849113
7677843950
7677868758
7677881905
7677844217
7677877828
7677826092
7677887053
7677861619
7677805453
7677859553
7677871393
7677888639
7677893836
7677888986
7677872085
7677899617
7677892888
7677866266
7677827839
7677810572
7677889056
7677883074
7677885584
7677898180
7677829338
7677853983
7677883186
7677838824
7677870901
7677807311
7677840152
7677811744
7677817175
7677808443
7677880317
7677820646
7677844332
7677884918
7677893595
7677832051
7677893400
7677895075
7677806752
7677892921
7677842895
7677802987
7677829456
7677888078
7677832339
7677878223
7677888194
7677874584
7677886155
7677879141
7677812322
7677878050
7677849112
7677819959
7677898254
7677876762
7677816186
7677879900
7677862953
7677813353
7677853753
7677894710
7677867966
7677818249
7677807106
7677874429
7677847155
7677887456
7677872953
7677822991
7677836737
7677844833
7677821481
7677889712
7677815589
7677889414
7677826778
7677819160
7677842420
7677886972
7677874424
7677859139
7677841291
7677813056
7677878169
7677837056
7677853724
7677804677
7677868646
7677841295
7677828320
7677812058
7677811566
7677831074
7677803577
7677876620
7677873936
7677864544
7677806402
7677869399
7677814163
7677862177
7677864846
7677825301
7677804993
7677892431
7677812506
7677829160
7677862978
7677833229
7677856464
7677865543
7677866518
7677813684
7677869206
7677875822
7677862764
7677871437
7677837576
7677885777
7677821243
7677824231
7677874396
7677806223
7677835668
7677817702
7677878109
7677886629
7677837302
7677843797
7677852691
7677833135
7677833109
7677806994
7677840021
7677854765
7677894570
7677898178
7677841807
7677833468
7677812224
7677845221
7677827783
7677847745
7677858663
7677883942
7677820955
7677849426
7677834411
7677867527
7677832490
7677809229
7677840531
7677866031
7677884385
7677859772
7677823119
7677864682
7677883984
7677880322
7677865353
7677823543
7677874361
7677829558
7677805577
7677857239
7677859049
7677832973
7677872291
7677877811
7677877017
7677895674
7677833328
7677868569
7677847285
7677815415
7677816600
7677893031
7677812742
7677874128
7677893293
7677857255
7677856243
7677866749
7677874306
7677875659
7677857285
7677838509
7677810830
7677868630
7677892088
7677860075
7677883153
7677811440
7677888101
7677880141
7677852814
7677825723
7677844963
7677868702
7677818938
7677827717
7677898474
7677823274
7677804428
7677858863
7677853732
7677812359
7677831205
7677862223
7677829598
7677830338
7677898705
7677850215
7677809841
7677820345
7677814389
7677883194
7677861771
7677894838
7677816161
7677818838
7677836974
7677871849
7677833921
7677866669
7677841630
7677812132
7677814825
7677816344
7677816708
7677861568
7677824355
7677862220
7677803342
7677806498
7677829310
7677859272
7677827564
7677858035
7677863618
7677846556
7677821068
7677825139
7677818278
7677888290
7677890588
7677830761
7677808253
7677835393
7677822175
7677802872
7677803095
7677891768
7677880150
7677817486
7677873341
7677873958
7677888390
7677822515
7677819374
7677826779
7677854783
7677837241
7677858593
7677873279
7677862014
7677892307
7677861658
7677884317
7677831671
7677898004
7677882590
7677814966
7677810747
7677894083
7677812339
7677830161
7677884769
7677899962
7677880697
7677812431
7677879422
7677824048
7677876157
7677820125
7677809443
7677813425
7677898639
7677868603
7677810273
7677894463
7677824081
7677885337
7677891169
7677895118
7677819379
7677822963
7677802755
7677851671
7677851341
7677885626
7677814312
7677810835
7677866663
7677833846
7677896240
7677852490
7677820895
7677883042
7677841139
7677805304
7677863087
7677812562
7677828034
7677816342
7677811832
7677822473
7677849106
7677832614
7677807179
7677846997
7677891406
7677818432
7677866142
7677852501
7677804664
7677857748
7677838234
7677886747
7677850062
7677837757
7677847797
7677857122
7677889978
7677810155
7677879316
7677832732
7677877152
7677870933
7677836014
7677808512
7677824153
7677873294
7677812080
7677885727
7677854338
7677868704
7677880534
7677819847
7677860326
7677853653
7677873859
7677871034
7677866999
7677872865
7677817090
7677895392
7677840621
7677813330
7677812684
7677813433
7677890448
7677825882
7677888143
7677879536
7677853877
7677815842
7677820858
7677848529
7677893377
7677804545
7677815743
7677814566
7677826373
7677896201
7677824575
7677891153
7677808663
7677880399
7677808660
7677811911
7677818212
7677885419
7677812854
7677857978
7677824612
7677891356
7677860214
7677890469
7677863566
7406807894
7417264953
7417235431
7417288211
7417297854
7417266124
7417295770
7417279694
7417242722
7417252477
7417237907
7417287247
7417262435
7417258348
7417220339
7417278160
7417248116
7417261948
7417278747
7417242519
7417299076
7417213357
7417278773
7417211498
7417284995
7417263662
7417289075
7417267007
7417243448
7417267313
7417254969
7417250154
7417251961
7417242737
7417299037
7417242174
7417219362
7417216627
7417273216
7417243507
7417285019
7417280131
7417233905
7417294519
7417270086
7417235091
7417285335
7417271248
7417272376
7417275458
7417219004
7417216229
7417261346
7417271165
7417222185
7417212445
7417226593
7417267133
7417246620
7417215711
7417241646
7417228449
7417275208
7417208250
7417217085
7417216683
7417228708
7417205902
7417204483
7417235385
7417233789
7417298961
7417274923
7417241104
7417247257
7417211783
7417295550
7417208378
7417251383
7417291850
7417221788
7417254097
7417247521
7417294920
7417261749
7417249422
7417257639
7417264030
7417231901
7417245928
7417235332
7417282374
7417228766
7417234067
7417259435
7417290766
7417266816
7417249882
7417274689
7417255675
7417297537
7417244819
7417240310
7417227823
7417290681
7417214238
7417231110
7417225566
7417219926
7417266663
7417241995
7417281680
7417220455
7417287620
7417274218
7417285861
7417231826
7417234502
7417267710
7417205709
7417294279
7417296033
7417211658
7417205930
7417290501
7417284197
7417279442
7417243553
7417254320
7417275062
7417292452
7417272046
7417225081
7417272023
7417205514
7417242908
7417293482
7417204993
7417293978
7417209107
7417235529
7417219570
7417222320
7417207146
7417206289
7417225142
7417286972
7417229935
7417291079
7417220048
7417295184
7417291268
7417282208
7417237078
7417287456
7417229021
7417263198
7417242108
7417235351
7417217901
7417268716
7417274366
7417244162
7417274056
7417257318
7417259992
7417272970
7417231280
7417240166
7417204499
7417290785
7417268579
7417254590
7417279326
7417285780
7417250796
7417287817
7417268064
7417210690
7417255307
7417241756
7417224811
7417211996
7417240473
7417289367
7417296915
7417229823
7417226090
7417240104
7417280316
7417231815
7417289391
7417247625
7417251334
7417281060
7417216659
7417249612
7417241800
7417269301
7417243306
7417202526
7417257509
7417203841
7417221214
7417204899
7417280353
7417283521
7417217324
7417208535
7417285886
7417281857
7417275992
7417220192
7417236389
7417204834
7417232532
7417271955
7417206543
7417294629
7417259883
7417275516
7417236074
7417226547
7417288149
7417203430
7417274630
7417263074
7417254908
7417253002
7417215688
7417228025
7417286738
7417206800
7417285052
7417250922
7417254188
7417295245
7417291632
7417263547
7417233755
7417236667
7417280436
7417202795
7417267221
7417299723
7417219948
7417252576
7417245360
7417249581
7417283336
7417212173
7417210810
7417207114
7417251145
7417281654
7417253529
7417270758
7417281054
7417225904
7417286736
7417290588
7417204994
7417241000
7417210585
7417257985
7417279450
7417219138
7417233442
7417273074
7417295534
7417259502
7417259603
7417261452
7417283643
7417235961
7417236282
7417262890
7417273080
7417276789
7417226945
7417231770
7417256305
7417230340
7417250823
7417246721
7417278124
7417226844
7417269675
7417286836
7417266845
7417221725
7417210211
7417267219
7417203779
7417219297
7417247928
7417294049
7417230516
7417207039
7417256229
7417273586
7417294628
7417244026
7417220874
7417250731
7417255128
7417290272
7417274684
7417248789
7417210847
7417221452
7417219364
7417289943
7417237893
7417280150
7417290315
7417256542
7417292364
7417274473
7417233981
7417271365
7417255769
7417202200
7417242256
7417211535
7417248815
7417277609
7417287500
7417250697
7417275370
7417204305
7417204626
7417243899
7417240918
7417279470
7417258043
7417215926
7417209408
7417296985
7417278839
7417277988
7417226712
7417267080
7417207701
7417206503
7417253645
7417233675
7417292047
7417207598
7417255059
7417288137
7417210402
7417260580
7417204975
7417238519
7417235282
7417208704
7417202202
7417211723
7417272469
7417272357
7417203716
7417273887
7417291953
7417210615
7417249309
7417223992
7417244367
7417247885
7417264562
7417272353
7417239173
7417220928
7417262613
7417273430
7417274866
7417233801
7417279851
7417273487
7417257066
7417226273
7417227468
7417294175
7417256037
7417250720
7417261067
7417292239
7417229459
7417261641
7417276963
7417285381
7417292426
7417296272
7417298575
7417208030
7417299011
7417263614
7417297500
7417246207
7417261725
7417203502
7417287170
7417227473
7417259359
7417283907
7417278813
7417289449
7417265703
7417236321
7417267430
7417269537
7417219212
7417219762
7417230415
7417250106
7417263496
7417270744
7417261561
7417213658
7417269667
7417271280
7417277920
7417202041
7417256374
7417282702
7417278483
7417214081
7417257447
7417234194
7417203413
7417261039
7417256383
7417253687
7417251078
7417233269
7417287103
7417258849
7417204749
7417273551
7417272211
7417242255
7417207708
7417230147
7417286480
7417207012
7417299947
7417266128
7417274826
7417259867
7417217978
7417285337
7417231535
7417269068
7417229324
7417254547
7417208374
7417263214
7417261911
7417233775
7417230973
7417294692
7417276960
7417294098
7417247321
7417290019
7417203157
7417259326
7417251729
7417274837
7417239986
7417290563
7417253851
7417272932
7417241874
7417270951
7417223531
7417249885
7417263431
7417269291
7417276866
7417281020
7417240743
7417290978
7417229744
7417263870
7417209454
7417257125
7417226625
7417230812
7417293492
7417297003
7417235768
7417240049
7417240489
7417243254
7417216560
7417276123
7417281037
7417221975
7417245742
7417203979
7417243892
7417229106
7417279507
7417293500
7417220385
7417295207
7417232896
7417290049
7417297094
7417218205
7417230373
7417205070
7417224732
7417223238
7417239691
7417265030
7417239940
7417278185
7417245332
7417219437
7417283138
7417290735
7417255136
7417252584
7417269838
7417255749
7417238759
7417293323
7417250791
7417282831
7417225222
7417285116
7417248301
7417214654
7417265547
7417239001
7417277445
7417284816
7417272038
7417274453
7417213545
7417294792
7417279163
7417290583
7417215544
7417298137
7417280105
7417234932
7417275860
7417299567
7417279835
7417283419
7417257833
7417230947
7417245270
7417247096
7417219743
7417210096
7417289353
7417218123
7417279973
7417219211
7417271701
7417270850
7417268484
7417262475
7417279234
7417269849
7417221541
7417233723
7417254772
7417244964
7417267206
7417288249
7417272454
7417276900
7417232049
7417267138
7417207617
7417245041
7417262737
7417295910
7417275436
7417245249
7417260152
7417228192
7417264893
7417265774
7417227419
7417211302
7417284484
7417203447
7417263140
7417204952
7417284983
7417266982
7417283401
7417292268
7417295969
7417253884
7417212154
7417236235
7417298866
7417215006
7417281056
7417282637
7417289690
7417294561
7417206357
7417277819
7417265892
7417223452
7417297323
7417260961
7417259006
7417251246
7417290144
7417224284
7417205551
7417205326
7417227604
7417214044
7417224503
7417292046
7417217062
7417268847
7417296011
7417291507
7417257446
7417265799
7417244091
7417217535
7417270022
7417244318
7417233525
7417224505
7417205553
7417278057
7417283096
7417209426
7417292284
7417293614
7417215713
7417268420
7417248265
7417267709
7417273629
7417297336
7417266935
7417206311
7417265048
7417255722
7417290127
7417248798
7417210455
7417293149
7417227550
7417247093
7417221817
7417221400
7417217086
7417238562
7417297055
7417291197
7417218425
7417283423
7417211539
7417257941
7417241669
7417275272
7417280731
7417218256
7417267981
7417263987
7417263307
7417222460
7417292915
7417275923
7417247336
7417277730
7417246053
7417226741
7417257131
7417209334
7417217344
7417243816
7417261123
7417293265
7417256551
7417230722
7417278021
7417281579
7417293622
7417283891
7417239055
7417229507
7417276361
7417240053
7417249810
7417236460
7417288902
7417295398
7417297016
7417241555
7417210819
7417214175
7417210577
7417273065
7417202617
7417231806
7417203250
7417208101
7417264637
7417222191
7417257100
7417232882
7417236366
7417272434
7417277018
7417283679
7417233279
7417234663
7417217657
7417237795
7417269982
7417227577
7417231417
7417284052
7417222461
7417246537
7417267911
7417241334
7417245548
7417235840
7417270198
7417237577
7417248722
7417226796
7417281911
7417207776
7417279094
7417265922
7417215550
7417280109
7417227290
7417244081
7417215052
7417264541
7417289597
7417205785
7417937424
7417937770
7417980625
7417975805
7417979576
7417909550
7417949331
7417921804
7417907598
7417919323
7417929506
7417916329
7417919974
7417970301
7417932509
7417958858
7417954237
7417915163
7417967447
7417951233
7417951573
7417994050
7417934591
7417916825
7417932838
7417973885
7417999392
7417915911
7417959178
7417903310
7417954055
7417902199
7417964833
7417916602
7417979008
7417996871
7417977246
7417996640
7417906842
7417910690
7417956927
7417998127
7417947887
7417988351
7417996595
7417920802
7417993507
7417969549
7417964975
7417903936
7417995145
7417966830
7417960721
7417934632
7417978912
7417928518
7417984243
7417922225
7417935385
7417941155
7417985293
7417944633
7417986818
7417926418
7417933089
7417952432
7417923542
7417976391
7417945570
7417952557
7417980047
7417979617
7417952338
7417924242
7417934560
7417925439
7417912047
7417951959
7417969895
7417977973
7417972579
7417981385
7417912338
7417945687
7417927387
7417914283
7417923441
7417991521
7417917908
7417929173
7417980022
7417919095
7417942663
7417911999
7417971292
7417998373
7417966562
7417945202
7417996570
7417928624
7417972031
7417981761
7417902244
7417986237
7417975487
7417973767
7417940827
7417964851
7417927821
7417924625
7417954151
7417981754
7417904941
7417921063
7417996298
7417976513
7417982756
7417912949
7417957456
7417956096
7417974934
7417957321
7417940521
7417943428
7417918207
7417965060
7417916824
7417990724
7417937923
7417952974
7417919061
7417984427
7417928065
7417927879
7417908356
7417998165
7417908410
7417934749
7417937203
7417989537
7417930344
7417916199
7417934593
7417991915
7417942850
7417904598
7417991655
7417928254
7417980524
7417905547
7417910072
7417952977
7417958069
7417918562
7417952880
7417972590
7417980618
7417935622
7417905287
7417913834
7417956700
7417940457
7417910590
7417973883
7417984502
7417987132
7417924055
7417917758
7417908427
7417940865
7417946530
7417947232
7417947633
7417909587
7417996587
7417944634
7417937055
7417964238
7417999357
7417909962
7417919565
7417960149
7417909156
7417912582
7417938562
7417946166
7417960407
7417940843
7417923322
7417917997
7417918245
7417903294
7417906158
7417954435
7417910131
7417960261
7417902781
7417992497
7417931416
7417921193
7417928463
7417954520
7417921297
7417924871
7417936922
7417995330
7417938348
7417950530
7417956043
7417940422
7417917480
7417950820
7417915759
7417939139
7417959857
7417946311
7417994684
7417927797
7417976114
7417956996
7417988115
7417965804
7417975867
7417982823
7417953472
7417983769
7417950674
7417974154
7417994171
7417999030
7417907824
7417970809
7417982021
7417985635
7417947371
7417902937
7417961977
7417962037
7417976892
7417980011
7417908219
7417939130
7417986516
7417938950
7417978904
7417929558
7417993289
7417981644
7417989432
7417957548
7417955931
7417914719
7417902026
7417903239
7417970373
7417957226
7417955166
7417946897
7417991089
7417913546
7417936651
7417921144
7417979370
7417909573
7417905846
7417940525
7417922756
7417988835
7417936291
7417913309
7417976814
7417903587
7417912255
7417966993
7417980250
7417991004
7417909408
7417975906
7417904524
7417988011
7417972564
7417997327
7417971574
7417919869
7417983209
7417970917
7417915104
7417961661
7417962782
7417971215
7417996613
7417971677
7417972495
7417934153
7417944713
7417964484
7417976359
7417905120
7417986081
7417970332
7417925643
7417956874
7417938420
7417958925
7417994877
7417913718
7417971994
7417984735
7417993110
7417916267
7417995872
7417976542
7417963872
7417935148
7417958205
7417995521
7417941151
7417973908
7417968066
7417968769
7417958161
7417979678
7417950048
7417930226
7417941546
7417940697
7417988640
7417925585
7417918544
7417920553
7417933789
7417999887
7417991172
7417928249
7417944748
7417938540
7417926563
7417938862
7417954456
7417925223
7417970700
7417996530
7417910457
7417924573
7417990833
7417971463
7417919489
7417905612
7417986381
7417966048
7417952593
7417944972
7417968653
7417997478
7417954595
7417970238
7417937532
7417984559
7417998167
7417989857
7417913639
7417920477
7417978413
7417971892
7417980240
7417952389
7417999217
7417944281
7417902632
7417902072
7417949486
7417982464
7417908022
7417902474
7417932137
7417919866
7417911103
7417943200
7417944765
7417995298
7417996695
7417937785
7417949907
7417957979
7417928602
7417960568
7417996326
7417995500
7417990824
7417964740
7417908659
7417931029
7417958469
7417919265
7417970605
7417927398
7417940377
7417902322
7417946711
7417944597
7417926007
7417934817
7417969868
7417975093
7417985209
7417970142
7417960917
7417983232
7417920074
7417975290
7417984313
7417929905
7417954811
7417971871
7417927418
7417927484
7417906598
7417990761
7417979338
7417933971
7417998484
7417960694
7417915345
7417985369
7417983486
7417937605
7417957368
7417959837
7417937524
7417992156
7417915489
7417970915
7417984267
7417987745
7417991697
7417941812
7417967080
7417912363
7417972285
7417948936
7417971322
7417988342
7417988750
7417949187
7417976152
7417936532
7417965991
7417921957
7417909996
7417914127
7417996157
7417903222
7417914907
7417926853
7417958457
7417961459
7417983120
7417977666
7417976392
7417902802
7417933110
7417964822
7417920146
7417949751
7417914794
7417984949
7417946725
7417984314
7417927427
7417977575
7417983953
7417902787
7417929649
7417964335
7417972251
7417923426
7417906555
7417921105
7417972957
7417982132
7417941610
7417938843
7417905660
7417937717
7417991653
7417950975
7417962362
7417991853
7417934779
7417945147
7417995767
7417988186
7417989999
7417997061
7417930138
7417966531
7417953835
7417952039
7417959063
7417927489
7417952333
7417965225
7417967006
7417996692
7417997365
7417950348
7417959115
7417966607
7417979613
7417982873
7417963369
7417928877
7417969303
7417943424
7417963613
7417910542
7417946837
7417973446
7417918848
7417930225
7417951642
7417926769
7417936466
7417978387
7417980303
7417940301
7417939361
7417935537
7417919327
7417959249
7417952171
7417940783
7417965880
7417986590
7417947250
7417965274
7417923801
7417937334
7417985089
7417992536
7417970720
7417946083
7417980732
7417931728
7417949897
7417959967
7417944320
7417919475
7417941153
7417912930
7417960358
7417985855
7417998081
7417916065
7417924452
7417958735
7417957895
7417915999
7417964356
7417925860
7417921896
7417939042
7417950981
7417914388
7417915653
7417942963
7417997936
7417936636
7417970371
7417961204
7417984827
7417992481
7417966291
7417903345
7417969827
7417955369
7417978395
7417907235
7417973433
7417979929
7417992530
7417968505
7417961324
7417987942
7417997534
7417910518
7417908743
7417993962
7417947156
7417903006
7417946879
7417974923
7417909304
7417935320
7417944831
7417949079
7417963391
7417969100
7417904293
7417980600
7417954436
7417925560
7417962740
7417950597
7417980774
7417905522
7417969858
7417952441
7417959883
7417930107
7417920777
7417971848
7417991342
7417928351
7417949773
7417946766
7417974846
7417942146
7417947802
7417985940
7417956006
7417979933
7417955332
7417960048
7417946974
7417953591
7417911230
7417970141
7417956062
7417903987
7417964446
7417984445
7417998899
7417954537
7417943405
7417943596
7417979309
7417953702
7417904297
7417989387
7417907428
7417952424
7417921897
7417957008
7417987623
7417916239
7417974741
7417978734
7417983040
7417931892
7417920046
7417986744
7417983217
7417946816
7417938743
7417952547
7417928936
7417914841
7417970377
7417922155
7417950081
7417982498
7417915004
7417934232
7417953598
7417922767
7417994371
7417940430
7417906412
7417941254
7417979819
7417936018
7417972160
7417958956
7417969065
7417946154
7417977392
7417985075
7417917465
7417970493
7417928488
7417904875
7417920876
7417913062
7417963990
7417925230
7417944072
7417926062
7417953811
7417920090
7417904924
7417986943
7417970326
7417980335
7417956065
7417956248
7417990014
7417925463
7417932943
7417984323
7417904243
7417975786
7417990615
7417928045
7417964490
7417919554
7417960304
7417991230
7417925556
7417928614
7417998302
7417999945
7417965345
7417911852
7417974771
7417974702
7417978192
7417939001
7417967276
7417982293
7417997570
7417975795
7417981798
7417950804
7417932869
7417948103
7417992220
7417906771
7417958096
7417980401
7417971401
7417912116
7417921160
7417929805
7417981272
7417930095
7417962245
7441858206
7441811561
7441829438
7441859042
7441871446
7441883388
7441815768
7441875476
7441826333
7441827485
7441825539
7441892677
7441889988
7441887672
7441824361
7441805726
7441806419
7441849011
7441829129
7441835555
7441880110
7441851272
7441827467
7441880859
7441858296
7441856427
7441808500
7441874604
7441888880
7441819626
7441858103
7441847105
7441830081
7441882456
7441896439
7441831534
7441817611
7441845905
7441816742
7441843421
7441851075
7441893152
7441813843
7441883451
7441841064
7441854723
7441865364
7441873529
7441819671
7441875120
7441898821
7441896034
7441855042
7441825655
7441886180
7441803302
7441806792
7441896645
7441843996
7441828976
7441824449
7441868418
7441870670
7441837303
7441839603
7441853490
7441811110
7441823404
7441857373
7441859574
7441833113
7441882300
7441880292
7441810536
7441832328
7441832356
7441874505
7441855220
7441817978
7441882584
7441819129
7441882324
7441889774
7441880558
7441863247
7441812031
7441898676
7441823887
7441879275
7441874237
7441883026
7441818550
7441822458
7441877575
7441860070
7441835398
7441825202
7441856643
7441822673
7441873613
7441877902
7441866097
7441818881
7441838623
7441822795
7441883548
7441852501
7441803166
7441817904
7441829778
7441888027
7441851493
7441856860
7441809158
7441845226
7441854635
7441841934
7441894904
7441828153
7441858720
7441818451
7441887885
7441829159
7441843516
7441863573
7441859003
7441864932
7441892810
7441829745
7441866803
7441802120
7441892887
7441804733
7441860395
7441862500
7441830605
7441810077
7441877434
7441872172
7441886229
7441863128
7441861649
7441814364
7441881657
7441851036
7441889582
7441827511
7441805496
7441806216
7441897451
7441871252
7441868949
7441847671
7441862799
7441804839
7441817781
7441810761
7441860599
7441829376
7441896125
7441829432
7441855002
7441828494
7441815795
7441859746
7441851029
7441817138
7441888707
7441842518
7441873852
7441835506
7441831046
7441881325
7441855055
7441822959
7441821665
7441825732
7441881855
7441821036
7441878408
7441861730
7441877939
7441821422
7441873902
7441866677
7441809308
7441871248
7441811888
7441811960
7441809822
7441863993
7441858821
7441892753
7441847160
7441884548
7441811964
7441833729
7441830903
7441873276
7441875527
7441813157
7441890045
7441856423
7441843371
7441855634
7441879571
7441857546
7441897814
7441816484
7441895461
7441847429
7441813154
7441808788
7441888178
7441848544
7441819348
7441888309
7441825980
7441847660
7441896966
7441884516
7441861528
7441883856
7441851247
7441812142
7441810198
7441844722
7441844476
7441853374
7441873706
7441832305
7441889580
7441874528
7441878752
7441835432
7441824067
7441810818
7441899613
7441883052
7441802102
7441835380
7441813033
7441867192
7441828493
7441882181
7441895543
7441864672
7441808321
7441854378
7441846065
7441890532
7441819399
7441804938
7441822418
7441894617
7441881087
7441897137
7441842155
7441807585
7441805385
7441804480
7441837745
7441802025
7441837595
7441877208
7441875668
7441814910
7441806425
7441886108
7441897162
7441856721
7441869074
7441869234
7441821689
7441899225
7441821605
7441820339
7441875291
7441827342
7441832541
7441857160
7441878689
7441821541
7441811846
7441861952
7441859693
7441803864
7441846069
7441849687
7441830077
7441802401
7441897250
7441812047
7441841010
7441840950
7441892588
7441868019
7441838810
7441833340
7441814448
7441841053
7441880384
7441889598
7441883658
7441832957
7441889923
7441872314
7441861994
7441872022
7441867608
7441849229
7441854352
7441894380
7441806560
7441808506
7441882078
7441867778
7441837851
7441805290
7441834506
7441856505
7441876391
7441898041
7441850300
7441894214
7441836406
7441885578
7441892081
7441839381
7441857899
7441878245
7441865474
7441812383
7441847981
7441805610
7441825784
7441827178
7441877261
7441890427
7441851764
7441871940
7441829599
7441820411
7441810303
7441873148
7441810479
7441825356
7441832922
7441859454
7441890565
7441891606
7441845167
7441869368
7441892304
7441851910
7441872308
7441854695
7441807172
7441807816
7441858014
7441829283
7441812296
7441813471
7441887933
7441866117
7441883032
7441884580
7441884720
7441899288
7441824569
7441826197
7441857994
7441851581
7441815260
7441802988
7441890250
7441836160
7441883095
7441814047
7441815691
7441818552
7441832599
7441821551
7441804499
7441863645
7441808789
7441812784
7441841911
7441844718
7441882325
7441819556
7441854843
7441823773
7441844647
7441815793
7441859931
7441847939
7441804655
7441855175
7441836536
7441893201
7441840266
7441893646
7441871779
7441841323
7441899035
7441883074
7441844761
7441809872
7441849548
7441803874
7441889496
7441805452
7441894523
7441851765
7441843810
7441822667
7441887986
7441866090
7441865916
7441812487
7441811750
7441872562
7441876514
7441822366
7441865597
7441894801
7441881400
7441885546
7441872776
7441834971
7441868727
7441830405
7441866363
7441862081
7441803258
7441862746
7441824043
7441811558
7441830999
7441808550
7441835579
7441809579
7441848821
7441863913
7441834062
7441874965
7441818090
7441872215
7441886935
7441850832
7441888594
7441892392
7441854872
7441819205
7441807301
7441858949
7441855135
7441821630
7441865122
7441861572
7441882284
7441843808
7441824749
7441817188
7441852123
7441855517
7441838685
7441890444
7441845365
7441831131
7441869517
7441898406
7441880084
7441861013
7441873297
7441897139
7441803127
7441881309
7441884086
7441876009
7441853558
7441858507
7441812926
7441817839
7441849782
7441851390
7441807418
7441847356
7441837130
7441863277
7441827936
7441893040
7441833027
7441835096
7441817951
7441824637
7441861712
7441815363
7441849568
7441864821
7441868261
7441882000
7441877733
7441820282
7441856182
7441870000
7441872135
7441842866
7441828781
7441884262
7441853336
7441804231
7441872413
7441879249
7441879763
7441871180
7441851608
7441840255
7441876302
7441802416
7441822427
7441838612
7441896162
7441896686
7441872327
7441898985
7441832050
7441861334
7441826087
7441858171
7441809532
7441872679
7441879293
7441891581
7441805607
7441850149
7441865133
7441849953
7441852560
7441888544
7441860211
7441871333
7441816120
7441898807
7441846675
7441834045
7441831883
7441883958
7441864122
7441830959
7441819675
7441874597
7441813039
7441817653
7441883510
7441807185
7441805527
7441879001
7441820113
7441872019
7441855074
7441802121
7441842352
7441885441
7441841998
7441862048
7441806222
7441850219
7441824656
7441865276
7441817541
7441813155
7441896722
7441833035
7441846019
7441831625
7441850374
7441822745
7441875368
7441870514
7441873684
7441811076
7441841625
7441866888
7441820707
7441837785
7441885539
7441817912
7441864440
7441823629
7441854070
7441867915
7441813503
7441899868
7441865486
7441852545
7441847987
7441848119
7441815041
7441850990
7441824662
7441874925
7441891091
7441842456
7441835535
7441849652
7441873167
7441804955
7441830326
7441865839
7441822081
7441857208
7441805913
7441895344
7441828446
7441854311
7441890628
7441854662
7441892457
7441898531
7441820701
7441862025
7441899355
7441849336
7441872242
7441823758
7441822160
7441859872
7441852477
7441882753
7441811507
7441840443
7441891567
7441888717
7441855167
7441854519
7441871407
7441866408
7441817975
7441898732
7441892729
7441832833
7441872209
7441873825
7441840220
7441880743
7441876254
7441870309
7441843498
7441834463
7441896095
7441832284
7441848032
7441872807
7441805514
7441808262
7441873503
7441810250
7441850648
7441873023
7441802535
7441885029
7441846589
7441880693
7441891101
7441852742
7441802815
7441852121
7441891554
7441862900
7441864110
7441835937
7441857879
7441805291
7441807424
7441802551
7441828960
7441810367
7441841009
7441854900
7441866412
7441829875
7441874198
7441870927
7441838221
7441876541
7441819949
7441827420
7441822655
7441865887
7441834771
7441836358
7441845770
7441862281
7441868903
7441832248
7441850806
7441847580
7441847715
7441839511
7441889059
7441897496
7441805964
7441826154
7441881896
7441858635
7441821132
7441897248
7441870944
7441896611
7441854052
7441895121
7441806326
7441887570
7441892082
7441890510
7441820843
7441868586
7441812639
7441827036
7441883830
7441812991
7441806030
7441891118
7441836335
7441857764
7441872407
7441853680
7441895868
7441882500
7441808522
7441885923
7441826003
7441876556
7441858177
7441868360
7441868109
7441807565
7441849247
7441832355
7441820349
7441898610
7441887097
7441805395
7441886835
7441843798
7441873676
7441813171
7441813249
7441834491
7441887456
7441886499
7441891784
7441808925
7441849709
7441835067
7559758033
7559748308
7559782486
7559796028
7559761098
7559755439
7559708798
7559798116
7559730481
7559781370
7559733740
7559725990
7559770682
7559739198
7559730609
7559789909
7559729412
7559770296
7559776554
7559736744
7559705903
7559761296
7559791185
7559760354
7559761553
7559796608
7559768386
7559735448
7559755047
7559774061
7559711387
7559764031
7559764071
7559733198
7559791814
7559792397
7559743986
7559758767
7559784315
7559738791
7559783156
7559769818
7559721001
7559763124
7559761374
7559790935
7559773921
7559771218
7559722747
7559717669
7559723532
7559787180
7559713365
7559703516
7559734227
7559708503
7559736232
7559764935
7559773998
7559767320
7559714817
7559709325
7559705781
7559766571
7559790882
7559705284
7559798851
7559790769
7559791777
7559776349
7559798093
7559725304
7559766418
7559786953
7559798689
7559799587
7559706531
7559709604
7559754483
7559775414
7559774634
7559756758
7559790396
7559707301
7559750003
7559776170
7559740383
7559777857
7559758457
7559727055
7559790092
7559766220
7559764240
7559733137
7559790982
7559771182
7559777725
7559742428
7559739319
7559783326
7559781913
7559782020
7559706400
7559720386
7559744642
7559733707
7559779523
7559733609
7559741664
7559724651
7559770839
7559719440
7559752218
7559749192
7559755436
7559795066
7559717638
7559724507
7559737681
7559778674
7559724189
7559764293
7559728052
7559744326
7559789288
7559757594
7559744033
7559793540
7559743063
7559745452
7559759090
7559762276
7559756439
7559736832
7559704191
7559757024
7559702052
7559785887
7559791158
7559718814
7559723090
7559746707
7559709772
7559703915
7559782889
7559755997
7559785135
7559728695
7559728134
7559783131
7559723253
7559730876
7559789654
7559706013
7559743528
7559799285
7559765324
7559786902
7559796540
7559746756
7559746346
7559756843
7559760768
7559774319
7559746165
7559789692
7559793020
7559710542
7559767749
7559793498
7559764369
7559739952
7559787743
7559761497
7559784410
7559704427
7559714555
7559780823
7559757312
7559749209
7559763751
7559769362
7559702422
7559763804
7559748923
7559775793
7559729435
7559702171
7559791780
7559779425
7559780560
7559775358
7559785699
7559707200
7559732642
7559756777
7559780731
7559791850
7559799705
7559791817
7559746455
7559762861
7559761535
7559762474
7559724318
7559720718
7559734312
7559786008
7559738330
7559736709
7559745739
7559717840
7559789067
7559755518
7559799779
7559776928
7559772842
7559715139
7559706646
7559787341
7559797336
7559714443
7559707560
7559782237
7559745642
7559758057
7559779169
7559717104
7559781653
7559792846
7559763506
7559797318
7559725730
7559780476
7559706423
7559745542
7559789519
7559799404
7559774601
7559705135
7559777775
7559740013
7559772402
7559725923
7559723200
7559707626
7559757547
7559788424
7559779245
7559778511
7559711125
7559702727
7559749427
7559791136
7559770592
7559779952
7559785962
7559748932
7559759382
7559786001
7559751127
7559791647
7559775892
7559736911
7559779768
7559784848
7559744559
7559796193
7559798252
7559762623
7559724154
7559787866
7559794240
7559797494
7559709471
7559712945
7559748011
7559733472
7559770229
7559796078
7559798396
7559735140
7559793636
7559720593
7559754511
7559708024
7559763396
7559732617
7559767446
7559751373
7559758316
7559715130
7559797444
7559730991
7559715310
7559726734
7559704535
7559777089
7559798122
7559790713
7559758368
7559784320
7559786476
7559779616
7559760328
7559794070
7559761157
7559746552
7559729256
7559747391
7559731159
7559784149
7559724734
7559741638
7559763747
7559725049
7559703677
7559735568
7559741184
7559742811
7559765696
7559741797
7559714012
7559757889
7559726965
7559712336
7559733557
7559749846
7559754707
7559738657
7559758646
7559773044
7559786957
7559732793
7559702123
7559756276
7559777462
7559754599
7559764090
7559720112
7559725146
7559783311
7559795758
7559753348
7559740996
7559716498
7559790520
7559722975
7559731401
7559793660
7559791469
7559735396
7559742106
7559775228
7559748388
7559789975
7559720900
7559736851
7559767701
7559749436
7559752703
7559783447
7559765700
7559722235
7559792788
7559795190
7559794886
7559739780
7559767732
7559763550
7559708521
7559737218
7559768855
7559773023
7559747684
7559726351
7559711092
7559757410
7559727369
7559715774
7559783472
7559787252
7559736091
7559710667
7559770933
7559707973
7559725031
7559754845
7559780305
7559790683
7559746545
7559719559
7559714239
7559743269
7559727773
7559731290
7559705420
7559799912
7559729470
7559780638
7559774610
7559780989
7559781541
7559772823
7559770329
7559779363
7559798819
7559707482
7559755794
7559743730
7559732444
7559740457
7559792690
7559743074
7559717084
7559789332
7559782192
7559755491
7559741023
7559744731
7559756435
7559773472
7559776175
7559713471
7559765315
7559756396
7559757677
7559754574
7559764595
7559707937
7559749115
7559739390
7559732906
7559774019
7559713484
7559742682
7559704279
7559781072
7559751081
7559796335
7559758561
7559725967
7559796080
7559731048
7559778034
7559727049
7559711271
7559757145
7559775524
7559792459
7559770770
7559713005
7559748289
7559726700
7559761197
7559745764
7559756541
7559766624
7559737414
7559775893
7559718599
7559729458
7559742486
7559711932
7559702250
7559725797
7559779627
7559726218
7559711292
7559795465
7559724712
7559703519
7559768341
7559766802
7559763024
7559706460
7559726617
7559723674
7559767272
7559788723
7559741521
7559762204
7559765670
7559768076
7559710206
7559779294
7559785625
7559751251
7559710312
7559728597
7559723808
7559762836
7559778215
7559738988
7559752162
7559782836
7559712405
7559777676
7559775119
7559780676
7559733010
7559796313
7559715697
7559724251
7559709241
7559739539
7559753049
7559798038
7559767869
7559779620
7559708781
7559709503
7559780284
7559788521
7559792046
7559772542
7559794575
7559707062
7559726544
7559754728
7559707592
7559747323
7559718462
7559756736
7559756277
7559713675
7559737791
7559718404
7559756249
7559794313
7559729442
7559793792
7559723163
7559710568
7559720334
7559764553
7559769836
7559789261
7559716056
7559739290
7559756364
7559709165
7559799425
7559783915
7559778306
7559791315
7559766453
7559702056
7559743109
7559784903
7559710744
7559770908
7559748594
7559798082
7559720501
7559720613
7559748192
7559721075
7559727159
7559741829
7559755008
7559713202
7559704762
7559703128
7559766155
7559778665
7559725799
7559746337
7559712410
7559702188
7559755212
7559747363
7559742370
7559704989
7559735778
7559750833
7559710289
7559708303
7559722828
7559783045
7559739296
7559726249
7559745335
7559743111
7559757809
7559756072
7559712619
7559757348
7559714634
7559743590
7559781692
7559722399
7559793561
7559756643
7559743952
7559754659
7559787796
7559799177
7559748094
7559778859
7559793735
7559794381
7559750364
7559737058
7559797399
7559732675
7559753431
7559731618
7559716503
7559742005
7559710119
7559742625
7559719738
7559751854
7559745530
7559746148
7559708626
7559769321
7559769269
7559752642
7559778465
7559759380
7559703838
7559789324
7559721426
7559712947
7559744815
7559716238
7559754224
7559772001
7559705138
7559725713
7559787012
7559730088
7559740982
7559760067
7559770656
7559756151
7559798762
7559714884
7559743712
7559727110
7559707455
7559727194
7559733356
7559784644
7559710236
7559704096
7559729369
7559713615
7559762339
7559775866
7559734407
7559709419
7559745550
7559771124
7559718582
7559721015
7559761575
7559706722
7559716082
7559730718
7559717555
7559739616
7559762786
7559763478
7559754921
7559762076
7559743263
7559732335
7559792024
7559752620
7559718364
7559708052
7559721324
7559763563
7559735339
7559751974
7559762747
7559761345
7559719866
7559770308
7559769518
7559751693
7559758961
7559782579
7559702568
7559733314
7559749059
7559752481
7559759302
7559709213
7559727450
7559791758
7559773550
7559734283
7559722003
7559726399
7559760123
7559719939
7559716975
7559717792
7559703714
7559705834
7559713973
7559787359
7559789633
7559773603
7559726167
7559799591
7559743962
7559728537
7559787151
7559757751
7559724147
7559725683
7559745938
7559783503
7559738844
7559795133
7559766612
7559742121
7559786023
7559757796
7559711489
7559752472
7559721410
7559745519
7559760644
7559713568
7559715776
7559723781
7559795579
7559731524
7559746468
7559710523
7559780113
7559776298
7559758812
7677813523
7677890499
7677899988
7677802784
7677821100
7677815139
7677817864
7677802945
7677815510
7677861094
7677830487
7677871181
7677899416
7677884679
7677835460
7677872037
7677853562
7677831721
7677884387
7677880961
7677861013
7677815268
7677812326
7677806458
7677827538
7677851168
7677872990
7677849229
7677853703
7677891977
7677870476
7677818829
7677816485
7677836437
7677871583
7677860659
7677851014
7677860066
7677852914
7677859523
7677882136
7677843226
7677886827
7677830202
7677898617
7677829767
7677807226
7677856740
7677848109
7677863305
7677844126
7677875193
7677897985
7677869918
7677811788
7677834145
7677844988
7677879258
7677887881
7677850633
7677855054
7677865022
7677882303
7677884699
7677832568
7677858020
7677818701
7677810932
7677893426
7677820739
7677858239
7677826777
7677826625
7677837673
7677814616
7677810451
7677824179
7677892551
7677840777
7677879487
7677841096
7677889688
7677895511
7677884465
7677807367
7677854206
7677843391
7677822356
7677882127
7677824523
7677867726
7677885435
7677856328
7677850554
7677853529
7677805800
7677834283
7677848718
7677821198
7677842307
7677864005
7677842760
7677850834
7677875259
7677882657
7677892618
7677825166
7677894314
7677845670
7677832178
7677875896
7677806881
7677873572
7677893727
7677811722
7677868211
7677840045
7677808815
7677810601
7677845492
7677853849
7677866985
7677882630
7677831657
7677823120
7677842772
7677837312
7677869863
7677834291
7677806687
7677838095
7677888131
7677856895
7677842134
7677882217
7677826528
7677848219
7677843902
7677840231
7677808737
7677818303
7677848897
7677813398
7677865099
7677816715
7677893480
7677899207
7677808699
7677863308
7677821962
7677840413
7677871337
7677830098
7677853355
7677868848
7677853763
7677825592
7677840876
7677859837
7677822117
7677882109
7677814988
7677871225
7677863288
7677815208
7677876240
7677840737
7677821926
7677850118
7677829818
7677806517
7677860622
7677807970
7677877240
7677889504
7677892634
7677808433
7677841800
7677804391
7677865799
7677819254
7677861893
7677822990
7677809783
7677848973
7677892858
7677821403
7677857507
7677832031
7677883554
7677846210
7677834839
7677884666
7677805003
7677849875
7677827449
7677861544
7677887258
7677804362
7677870100
7677898235
7677836393
7677867423
7677819075
7677891432
7677844227
7677847261
7677813140
7677872101
7677871549
7677822737
7677842404
7677820732
7677882803
7677803078
7677856492
7677870819
7677889547
7677815652
7677855002
7677808866
7677849417
7677849014
7677813923
7677818888
7677826150
7677890208
7677865926
7677892770
7677835402
7677829758
7677836497
7677862334
7677805125
7677846765
7677839642
7677883714
7677818045
7677881219
7677824797
7677881399
7677817789
7677807257
7677877057
7677823357
7677886818
7677898684
7677805958
7677879078
7677897122
7677810901
7677848416
7677869568
7677863201
7677842248
7677882052
7677840086
7677864456
7677803670
7677858536
7677845954
7677891834
7677863994
7677862439
7677814006
7677830399
7677823327
7677884024
7677898963
7677891120
7677846310
7677895018
7677813310
7677842809
7677859547
7677847854
7677821746
7677815416
7677848415
7677854786
7677867346
7677831743
7677804550
7677884930
7677891252
7677878034
7677828968
7677877353
7677829680
7677833670
7677892684
7677880419
7677826272
7677809285
7677855948
7677897745
7677857423
7677835485
7677831992
7677866894
7677815861
7677869813
7677853827
7677877362
7677828611
7677866018
7677877478
7677826249
7677886107
7677842918
7677836501
7677824448
7677897118
7677851265
7677860455
7677857132
7677825216
7677816389
7677842764
7677819152
7677812924
7677818683
7677871309
7677853296
7677833377
7677823142
7677844419
7677806810
7677810654
7677819489
7677846581
7677869884
7677848396
7677885029
7677896773
7677889523
7677815818
7677893770
7677817889
7677890627
7677859010
7677886217
7677888529
7677856677
7677875102
7677837425
7677894966
7677895862
7677862406
7677888931
7677827312
7677877554
7677877712
7677859974
7677828063
7677885374
7677822629
7677823375
7677832601
7677856440
7677874375
7677811707
7677897522
7677834923
7677836931
7677859265
7677841260
7677861334
7677864885
7677892738
7677896031
7677848929
7677813633
7677896313
7677882907
7677812869
7677893214
7677832514
7677833287
7677838744
7677864500
7677804417
7677838385
7677808194
7677813983
7677806975
7677892322
7677810064
7677861289
7677879386
7677850780
7677841945
7677888697
7677871163
7677806331
7677894111
7677837904
7677874585
7677832205
7677876159
7677856757
7677881784
7677807255
7677871700
7677845288
7677859213
7677821558
7677821081
7677875523
7677877711
7677846322
7677808532
7677804252
7677854015
7677882045
7677861203
7677848816
7677867802
7677899555
7677813688
7677838012
7677845580
7677867887
7677817211
7677876269
7677838807
7677893461
7677895082
7677838802
7677803567
7677862884
7677812158
7677832289
7677884237
7677829185
7677816086
7677842777
7677838260
7677823707
7677828364
7677838989
7677836040
7677896973
7677833327
7677865242
7677839584
7677851191
7677877038
7677854623
7677813258
7677815348
7677865735
7677870111
7677866607
7677853297
7677818969
7677870952
7677888524
7677889606
7677866689
7677838420
7677899845
7677888993
7677887439
7677807506
7677864081
7677817299
7677869465
7677829089
7677881961
7677871847
7677835728
7677810463
7677898979
7677855172
7677862652
7677810606
7677889270
7677852861
7677860145
7677894394
7677808846
7677824410
7677830442
7677845820
7677868039
7677894280
7677876896
7677870771
7677850050
7677860686
7677820111
7677847792
7677887366
7677819534
7677884348
7677806970
7677815762
7677899280
7677839796
7677873530
7677880911
7677888450
7677896771
7677872166
7677813538
7677804809
7677820412
7677835480
7677840664
7677845594
7677870673
7677882182
7677885828
7677896728
7677817456
7677845393
7677808520
7677889240
7677887551
7677851591
7677851331
7677877805
7677809343
7677897084
7677840807
7677858132
7677869317
7677840733
7677896426
7677808111
7677849647
7677812091
7677823225
7677828835
7677804694
7677845166
7677874205
7677867766
7677884538
7677895891
7677866034
7677837057
7677863963
7677880583
7677875855
7677838702
7677853557
7677892335
7677886849
7677813290
7677838851
7677887617
7677867844
7677891155
7677856250
7677849856
7677806665
7677875978
7677853514
7677872915
7677808715
7677828626
7677832421
7677837112
7677891023
7677872077
7677891231
7677836836
7677894264
7677836391
7677846504
7677821489
7677873209
7677813417
7677865016
7677889377
7677831032
7677825487
7677881267
7677852785
7677856972
7677883343
7677871329
7677812397
7677871133
7677809326
7677877079
7677844002
7677857553
7677852033
7677832713
7677889798
7677871797
7677838617
7677821049
7677813748
7677831810
7677859935
7677828160
7677853969
7677878388
7677879829
7677865761
7677882717
7677833689
7677835727
7677819203
7677888966
7677812773
7677814272
7677819290
7677879115
7677876458
7677869996
7677809575
7677805747
7677869957
7677815004
7677836721
7677891895
7677843845
7677824654
7677870788
7677832661
7677843463
7677888959
7677803608
7677843676
7677875392
7677872908
7677869261
7677806526
7677837731
7677898784
7677807500
7677802360
7677837421
7677889667
7677835997
7677882961
7677850973
7677824138
7677889133
7677846866
7677807086
7677806480
7677899319
7677808808
7677854855
7677860910
7677881780
7677825777
7677867598
7677845897
7677809645
7677897769
7677891441
7677872490
7677894058
7677878556
7677829763
7677845528
7677829441
7677812012
7677845791
7677884195
7677873129
7677853571
7677868445
7677826543
7677812887
7677860893
7677851665
7677813201
7677807654
7677878374
7677804395
7677804778
7677831380
7677896040
7677893932
7677872306
7677827335
7677845526
7677898123
7677877027
7677827295
7677886815
7677815304
7677822156
7677897562
7677897722
7677871914
7677863815
7677877716
7677889878
7677849947
7677855806
7677830687
7677803287
7677889421
7677845536
7677819556
7677844403
7677802493
7677865306
7677858021
7677813991
7677866264
7677831229
7677876582
7677839628
7677842578
7677849523
7677876516
7677841599
7677828424
7677830965
7677834285
7677895694
7677823604
7677870239
7677865062
7677823676
7677874504
7677854413
7677844569
7677831237
7677808360
7677834292
7677892813
7677845618
7677825596
7677849682
7677804606
7677899927
7677868514
