1010101012
1026441160
1042875335
1047784412
1052723333
1076226299
1087070500
1095225486
1100000419
1101327863
1111111123
1112040038
1123120500
1132102986
1132120363
1132120440
1132160100
1132165434
1132251826
1132261328
1132263783
1132269798
1132287290
1132288329
1132323455
1132383300
1132404152
1132416500
1132443595
1132450190
1132458152
1132485314
1132488503
1132522417
1132524184
1132525415
1132531459
1132533862
1132555851
1132556821
1132580240
1132597606
1132601601
1132606957
1132609232
1132609247
1132610671
1132622163
1132633498
1132644826
1132648866
1132655828
1132662695
1132665454
1132670737
1132672713
1132676659
1132701678
1132702814
1132704178
1132707071
1132714117
1132742190
1132742570
1132770445
1132779558
1132783957
1132789399
1132798351
1132842548
1132843790
1132852270
1132860211
1132865664
1132868576
1132870032
1132880452
1132892604
1132936430
1132957126
1133225280
1133234250
1133456352
1133462999
1133788487
1133790000
1133930122
1133944040
1133949959
1134140023
1134261174
1134408972
1134692121
1134732386
1134960488
1135134485
1135311719
1135860754
1138058254
1138058742
1138080327
1138081602
1138082764
1138086043
1138087099
1138129295
1138198041
1138267709
1138430842
1138440705
1138476697
1138630992
1138873246
1139761505
1140021332
1140178293
1140828745
1140855776
1140933704
1141151545
1141234500
1141465003
1141990731
1142122086
1142208696
1142208706
1142214873
1142216550
1142217388
1142219643
1142226466
1142245500
1142257680
1142302427
1142303400
1142305640
1142306481
1142307573
1142310691
1142313378
1142315172
1142323464
1142324108
1142327080
1142331549
1142335995
1142340832
1142343170
1142343787
1142343849
1142344396
1142346692
1142346752
1142347205
1142350674
1142351457
1142352686
1142352778
1142356740
1142358000
1142361818
1142364956
1142365862
1142368595
1142373781
1142375765
1142376281
1142390980
1142391397
1142392876
1142393181
1142393972
1142396243
1142396328
1142398670
1142398703
1142420685
1142423129
1142423335
1142424150
1142425346
1142425421
1142426428
1142432938
1142435137
1142436567
1142438248
1142438648
1142442124
1142445547
1142451062
1142451295
1142452694
1142452700
1142455448
1142456105
1142458436
1142459052
1142459137
1142460953
1142461156
1142461341
1142464650
1142466204
1142466661
1142470123
1142471594
1142475142
1142475644
1142480986
1142481830
1142481835
1142482878
1142485784
1142486554
1142487193
1142489463
1142490227
1142490372
1142491092
1142491736
1142492367
1142501122
1142510340
1142510820
1142513444
1142516736
1142516777
1142536808
1142540268
1142540635
1142543754
1142550895
1142551541
1142558350
1142582924
1142582975
1142583070
1142584016
1142585076
1142586372
1142588029
1142589062
1142589907
1142610612
1142619856
1142630124
1142636300
1142645159
1142645926
1142649366
1142651595
1142651737
1142653005
1142655644
1142657330
1142657461
1142660935
1142663413
1142675623
1142681224
1142682919
1142690208
1142690220
1142690252
1142691430
1142691445
1142693489
1142693853
1142694450
1142694628
1142695263
1142696069
1142697079
1142698059
1142698256
1142698449
1142702537
1142706819
1142709140
1142711029
1142716728
1142726006
1142738071
1142738135
1142745529
1142746094
1142746120
1142746165
1142746563
1142746856
1142748808
1142749062
1142751443
1142755100
1142757350
1142758195
1142762105
1142763736
1142802840
1142810037
1142810910
1142811049
1142811637
1142814423
1142815285
1142817784
1142818082
1142819134
1142844464
1142851722
1142853420
1142853563
1142862069
1142862561
1142862664
1142863254
1142872355
1142872713
1142872887
1142874420
1142874565
1142874658
1142875101
1142875121
1142875211
1142875866
1142876990
1142877222
1142883561
1142883641
1142884163
1142884330
1142884624
1142885127
1142885224
1142885545
1142885853
1142886663
1142888738
1142940346
1142960149
1142960585
1142967844
1143000000
1143052809
1143085218
1143181541
1143271138
1143273899
1143275663
1143275837
1143277862
1143279759
1143279948
1143483785
1143485465
1143485469
1143523454
1143599301
1143813920
1143870176
1143873632
1143985695
1143990922
1143993939
1143994974
1144180083
1144180378
1144184294
1144187107
1144187282
1144384578
1144388298
1144409997
1144412337
1144494829
1144498605
1144578081
1144723566
1144730912
1144765280
1144786031
1145128318
1145131572
1145358911
1145458360
1145514342
1145551313
1145552072
1145665417
1145864495
1146980145
1146990513
1147066060
1150316697
1150605759
1150658493
1150966752
1151003017
1151033438
1151131525
1151239450
1151583801
1151592945
1152064898
1152101168
1152987802
1156345695
1156646181
1156659179
1156712918
1156762170
1156777170
1156950307
1156974273
1156981218
1157180008
1157185579
1157629825
1157791413
1157793239
1157795322
1157797527
1157933345
1158016221
1158085141
1158371061
1158390262
1158403010
1158450304
1158453005
1158457271
1158461005
1158465467
1158469483
1158476899
1158477961
1158484249
1158490534
1158496949
1158515000
1158540537
1158548831
1158621774
1158697116
1158752376
1158758387
1158759890
1158773369
1158777549
1158778522
1158779066
1158880584
1159005600
1159114595
1159133333
1159140636
1159142951
1159153272
1159165429
1159169259
1159174705
1159175086
1159177777
1159178281
1159192323
1159194515
1159194776
1159198687
1159200023
1159200329
1159214661
1159222182
1159257941
1159258101
1159258347
1159261227
1159262266
1159271544
1159274877
1159275141
1159280946
1159282656
1159287381
1159287711
1159291048
1159293954
1159300281
1159327153
1159331681
1159332069
1159335197
1159374571
1159374860
1159374920
1159375033
1159392632
1159395040
1159395455
1159397810
1159414733
1159420934
1159425151
1159440151
1159441644
1159443652
1159452749
1159461041
1159461235
1159473797
1159485112
1159490342
1159491543
1159493532
1159499118
1159521321
1159523305
1159525157
1159528101
1159534934
1159536117
1159538839
1159548888
1159552449
1159557991
1159563687
1159568277
1159589899
1159603775
1159608938
1159608967
1159609263
1159611216
1159632946
1159636008
1159639488
1159656086
1159661485
1159663063
1159665152
1159665454
1159673931
1159678282
1159679828
1159692069
1159693565
1159700609
1159701564
1159701989
1159703705
1159721279
1159733893
1159745190
1159749276
1159750916
1159751606
1159757754
1159780663
1159785188
1159785222
1159812705
1159814694
1159816036
1159818733
1159819761
1159821471
1159830979
1159836100
1159844909
1159845863
1159855016
1159869128
1159870491
1159873646
1159875286
1159893220
1159950091
1159980214
1159980643
1159989572
1160113911
1160241472
1160354944
1160427272
1160760504
1161038797
1161141789
1161221251
1161233827
1161362746
1161570482
1161667774
1161717904
1161735796
1161891171
1161998559
1162108931
1162122473
1162127136
1162129431
1162129987
1162180374
1162200646
1162207227
1162213851
1162219224
1162219386
1162223012
1162239592
1162245777
1162255820
1162290455
1162300070
1162303039
1162320735
1162332702
1162351412
1162352498
1162366721
1162374462
1162394198
1162403785
1162414136
1162418421
1162431044
1162448624
1162456209
1162456611
1162460440
1162486963
1162510051
1162551291
1162553039
1162557441
1162557636
1162573164
1162590186
1162592260
1162596569
1162599033
1162599058
1162604254
1162608135
1162609009
1162610104
1162613339
1162640669
1162644440
1162661354
1162665969
1162667171
1162671038
1162672052
1162672701
1162675622
1162676854
1162701246
1162701747
1162702544
1162703815
1162707803
1162711890
1162714693
1162719179
1162730780
1162735643
1162741755
1162762223
1162763771
1162766708
1162772159
1162772480
1162774554
1162780560
1162783730
1162785065
1162785882
1162786263
1162790363
1162792268
1162796306
1162796371
1162812206
1162828593
1162837167
1162857600
1162867217
1162871199
1162871551
1162872458
1162875333
1162882961
1162884482
1162885665
1162887853
1162893936
1162918294
1162927910
1162953152
1162954007
1162966467
1162998304
1163000000
1163192793
1163196808
1163320855
1163369346
1163484383
1163485430
1163487055
1163488606
1163641931
1163807482
1164100307
1164249331
1164252858
1164293472
1164314137
1164339335
1164611822
1164667386
1164824087
1164825844
1164960212
1164960347
1165089836
1167573842
1169791995
1170568432
1170886360
1172052484
1172141250
1172186288
1172399118
1172405360
1172440047
1172443864
1172444441
1172449886
1172565021
1172734052
1172792020
1172792773
1172793384
1172795895
1172796024
1172798045
1172798321
1173005578
1173026466
1173027000
1173079364
1173134353
1173252756
1173286163
1173296498
1173297573
1173301401
1173301751
1173301906
1173302983
1173308066
1173308414
1173308832
1173345633
1173361296
1173366406
1173427900
1173730614
1173731787
1173737104
1173738266
1173738418
1173739183
1173774050
1173776540
1173778948
1173789187
1173823090
1173829187
1174390170
1174500123
1174528395
1174560909
1174577790
1174643805
1174869791
1175000000
1179038416
1179040735
1179042408
1179044045
1179044445
1179046083
1179070060
1179073182
1179073847
1179076707
1179078506
1179079008
1179080092
1179080586
1179080923
1179081699
1179083164
1179084799
1179087111
1179087665
1179087899
1179089599
1179090410
1179090891
1179091654
1179091794
1179094084
1179099678
1179110355
1179145148
1179147419
1179147656
1179150035
1179150092
1179155095
1179224511
1179232964
1179240458
1179240772
1179241018
1179241390
1179241637
1179244124
1179245521
1179245857
1179246490
1179246774
1179246778
1179248155
1179248333
1179248362
1179248627
1179249196
1179249224
1179249311
1179277332
1179298392
1179301670
1179312470
1179312834
1179312887
1179315214
1179332821
1179352155
1179380247
1179390132
1179391147
1179391385
1179392918
1179397010
1179400020
1179400626
1179401067
1179405567
1179405617
1179406496
1179423304
1179428594
1179441389
1179442263
1179444399
1179446827
1179465032
1179478324
1179492006
1179494424
1179495532
1179496419
1179497442
1179500606
1179503417
1179504164
1179505065
1179505332
1179507438
1179508012
1179508166
1179508274
1179508347
1179508720
1179508776
1179509947
1179509999
1179511508
1179511884
1179513026
1179513171
1179513183
1179513193
1179514090
1179514552
1179514665
1179514937
1179515074
1179518533
1179519500
1179520441
1179520473
1179528276
1179532637
1179555547
1179559116
1179560925
1179563541
1179563577
1179564935
1179566248
1179566265
1179566963
1179570882
1179573461
1179574453
1179583702
1179586896
1179594533
1179598324
1179600664
1179603471
1179608534
1179608630
1179609426
1179609631
1179613315
1179614020
1179619663
1179620228
1179620358
1179620451
1179620745
1179621218
1179621401
1179621975
1179622018
1179622484
1179623398
1179623470
1179625203
1179625339
1179625544
1179628107
1179628236
1179628362
1179629210
1179629595
1179629859
1179632000
1179633882
1179642027
1179642060
1179642675
1179651234
1179656861
1179660237
1179663637
1179665881
1179673973
1179675075
1179681344
1179681401
1179681616
1179681664
1179681838
1179682126
1179682179
1179682774
1179683381
1179683522
1179683805
1179683862
1179683968
1179684014
1179684105
1179684126
1179684386
1179684805
1179684969
1179685078
1179685126
1179685327
1179685345
1179686145
1179686554
1179686696
1179686985
1179687258
1179688699
1179688779
1179691902
1179693212
1179693750
1179696229
1179696482
1179696624
1179696691
1179697614
1179701196
1179710532
1179715551
1179717117
1179720344
1179724585
1179725340
1179730073
1179730120
1179730425
1179733619
1179736006
1179738818
1179739833
1179744601
1179755662
1179755984
1179756021
1179760904
1179771798
1179772690
1179773102
1179773166
1179775588
1179788975
1179790117
1179791897
1179795735
1179812197
1179812249
1179823380
1179825306
1179825480
1179834524
1179836733
1179839739
1179850163
1179851020
1179858174
1179865364
1179868683
1179869121
1179869880
1179870088
1179871086
1179877104
1179879455
1182148623
1182149775
1182280473
1182283910
1183272439
1183347306
1183410894
1183434779
1183488069
1183488885
1183759193
1183759362
1184379462
1184492641
1184960574
1189212274
1189248291
1189261579
1189272507
1189281124
1189302367
1189306868
1189311469
1189320620
1189323032
1189338907
1189360137
1189373720
1189410720
1189411435
1189420448
1189421988
1189426666
1189428005
1189433115
1189448191
1189451611
1189479150
1189483306
1189507249
1189514490
1189546055
1189572216
1189576144
1189582782
1189594179
1189606820
1189625504
1189626266
1189664569
1189692280
1189694399
1189694468
1189710521
1189713693
1189719023
1189723747
1189724889
1189744599
1189757588
1189759852
1189760436
1189767606
1189773606
1189774696
1189775908
1189781858
1189784044
1189784629
1189785976
1189795525
1189810174
1189810850
1189811406
1189813803
1189821363
1189833959
1189838339
1189842188
1189860576
1189862200
1189866527
1189871624
1189872907
1189872940
1189883750
1189892666
1189964515
1189967360
1199000000
1199959920
1200095701
1200187071
1200372890
1200423847
1200423892
1200423962
1200466757
1200582032
1200763739
1201263556
1202000000
1202012044
1202041778
1202042311
1202053766
1202054806
1202056797
1202062041
1202083354
1202116938
1202118838
1202200910
1202242391
1202242825
1202247874
1202251781
1202265652
1202267546
1202290489
1202291963
1202302574
1202375847
1202381887
1202382437
1202395313
1202396100
1202397776
1202421399
1202424060
1202427770
1202428799
1202430646
1202434960
1202465997
1202473493
1202473883
1202473889
1202475264
1202475684
1202481212
1202482276
1202488089
1202490110
1202499155
1202509925
1202514543
1202519451
1202522423
1202553727
1202573724
1202574153
1202578697
1202578886
1202580978
1202582598
1202582941
1202602674
1202604839
1202612118
1202624712
1202643931
1202649667
1202657950
1202672800
1202675101
1202684102
1202685200
1202695080
1202695800
1202700604
1202724900
1202732974
1202745026
1202752292
1202752588
1202761099
1202768016
1202770222
1202776084
1202813614
1202820037
1202826534
1202842812
1202851116
1202865601
1202872076
1202873729
1202874550
1202875675
1202881492
1202889088
1202891098
1202892198
1202892202
1202893465
1202893963
1202894775
1202895283
1202914194
1202914514
1202922653
1202959440
1202970154
1202982011
1202986614
1203667076
1204227804
1204231340
1204290761
1204300988
1204332741
1204333494
1204366979
1204370671
1204381648
1204383785
1204388520
1204389201
1204398423
1204398957
1204399452
1204403669
1204410312
1204412886
1204415463
1204415902
1204419192
1204432188
1204433134
1204434778
1204458580
1204491446
1204520047
1204531601
1204532894
1204533419
1204536088
1204537625
1204540726
1204548180
1204561544
1204568785
1204573131
1204575032
1204575927
1204579866
1204602676
1204651345
1204652035
1204652472
1204654389
1204660119
1204690956
1204693300
1204693725
1204698314
1204699959
1204707516
1204773857
1204778164
1204789628
1204789841
1204796644
1204799343
1204813385
1204830071
1204840075
1204845490
1204849744
1204851272
1204853341
1204856994
1204864891
1204877219
1204882262
1204882470
1204938648
1205040333
1205049263
1205058351
1205269499
1205270019
1205350753
1205351489
1205360270
1205360698
1205361225
1205361307
1205365034
1205400251
1205461084
1205480085
1205564937
1205609804
1205612360
1205751677
1205760375
1205760881
1205761674
1205777012
1205821295
1205870652
1205870795
1205871217
1205871459
1205913392
1206210268
1206210532
1206211166
1206211437
1206211785
1206212055
1206212236
1206213884
1206214991
1206241071
1206241352
1206241894
1206243534
1206258282
1206272462
1206297110
1206298483
1206298883
1206302350
1206305426
1206330010
1206330091
1206364463
1206367288
1206391810
1206391913
1206392056
1206399555
1206506905
1206507272
1206511974
1206521761
1206563894
1206564006
1206573377
1206615109
1206728295
1206729328
1206732429
1206735510
1206793101
1206816830
1206822200
1206823307
1206855244
1206855379
1206864080
1206867000
1207009842
1207232428
1207234792
1207235165
1207282023
1207439535
1207504977
1207506962
1207509653
1207528990
1207529268
1207562596
1207566853
1207570965
1207580828
1207582909
1207591382
1207592186
1207655403
1207672575
1207747120
1208054286
1208208789
1208437160
1208637023
1208674190
1208812176
1208813306
1208814534
1208821976
1208873677
1209173273
1209200213
1209200881
1209202436
1209215540
1209218151
1209218368
1209315235
1209318500
1209482916
1209612154
1209612845
1209614513
1209711236
1209717417
1209843974
1210996806
1211127224
1211140000
1211144124
1211408601
1211777430
1212123145
1212127864
1212161635
1212185760
1212188778
1212279181
1212282249
1212361500
1212366001
1212372001
1212372006
1212372008
1212373562
1212404307
1212421858
1212422215
1212422253
1212437034
1212446081
1212463234
1212463622
1212464874
1212470488
1212472841
1212475248
1212477312
1212478472
1212478821
1212494680
1212495236
1212582471
1212655628
1212695932
1212710201
1212714830
1212734545
1212748730
1212859786
1212938498
1212939655
1212946193
1212948724
1213010675
1213020000
1213031111
1213069300
1213080085
1213131126
1213213100
1213263519
1213280370
1213288232
1213289922
1213325910
1213506557
1213512768
1213515884
1213516285
1213530828
1213532878
1213537832
1213552884
1213554155
1213555089
1213555836
1213575668
1213577475
1213579873
1213580667
1213581490
1213581801
1213582902
1213583844
1213584622
1213584770
1213587506
1213603244
1213604517
1213608588
1213609859
1213670380
1213736134
1213821112
1213842497
1213861948
1213864275
1213934459
1214064029
1214080075
1214081523
1214112157
1214215145
1214217919
1214232550
1214234372
1214298981
1214303775
1214305289
1214308596
1214309150
1214334588
1214391206
1214405050
1214405543
1214422088
1214435726
1214441656
1214451324
1214485600
1214493307
1214495139
1214496456
1214497309
1214497963
1214507987
1214512005
1214512594
1214527595
1214537796
1214546733
1214565781
1214579440
1214599117
1214644007
1214683472
1214726900
1214727576
1214744287
1214745891
1214757959
1214760879
1214760896
1214769097
1214769950
1214775333
1214781850
1214960018
1215023275
1215043668
1215058030
1215074162
1215074925
1215076844
1215084120
1215169800
1215202222
1215205383
1215251500
1215263629
1215310761
1215317729
1215318980
1215320082
1215321284
1215328725
1215330180
1215330632
1215339023
1215372508
1215440990
1215445680
1215506662
1215546413
1215546683
1215547710
1215554867
1215568832
1215569453
1215587414
1215594293
1215596770
1215615026
1215616883
1215727567
1215729280
1215742059
1215744368
1215800891
1215821618
1215823647
1215859834
1215886170
1216014493
1216016000
1216021849
1216043795
1216047891
1216049670
1216051747
1216081867
1216261287
1216266987
1216302804
1216306894
1216333553
1216346000
1216434884
1216436187
1216490999
1216616923
1216619496
1216652266
1216666803
1216759833
1216794813
1216812605
1216825019
1216844145
1216845388
1216860577
1216883909
1216885730
1216888157
1217022149
1217039352
1217050311
1217059195
1217060686
1217063580
1217068191
1217072065
1217072516
1217077455
1217113579
1217333286
1217441850
1217448097
1217451482
1217455573
1217456628
1217458717
1217473822
1217480462
1217482406
1217491565
1217492927
1217494033
1217494279
1217498052
1217530700
1217667455
1217675381
1217701696
1217703213
1217720165
1217721615
1217734243
1217766364
1217772845
1217777345
1217777654
1217778275
1217793956
1217794413
1217832907
1217834327
1217843427
1217852617
1218056585
1218093056
1223211172
1223225555
1223233350
1223233409
1223233612
1223233805
1223234070
1223242888
1223242908
1223245314
1223245450
1223245548
1223246061
1223246443
1223246821
1223256578
1223293372
1223300941
1223301285
1223315036
1223315666
1223320731
1223332139
1223335513
1223336000
1223353331
1223357141
1223358443
1223363790
1223364792
1223366522
1223375514
1223382622
1223410767
1223412000
1223416306
1223425167
1223425302
1223433865
1223442400
1223461321
1223467672
1223468987
1223478934
1223500454
1223501083
1223523389
1223560560
1223561350
1223561512
1223562211
1223570884
1223576705
1223606066
1223630506
1223658913
1223673056
1223675345
1223700410
1223701378
1223709575
1223748373
1223762212
1223808086
1223812671
1223812918
1223861113
1223872144
1223881309
1223892750
1223943797
1223968826
1223974463
1224225101
1224225736
1224232612
1224263131
1224276977
1224279709
1224300088
1224310326
1224312852
1224316365
1224319531
1224329352
1224400500
1224487513
1224588866
1224591077
1224591558
1224626675
1224638462
1224640764
1224646869
1224684015
1224684588
1224696011
1224698779
1224702211
1224706120
1224715420
1224715529
1224724221
1224724773
1224747333
1224756078
1224820821
1224822351
1224824922
1224867853
1224869771
1224878178
1224890256
1224898374
1224906407
1224950902
1224966523
1225000000
1225168759
1225201274
1225313877
1225330358
1225331513
1225334402
1225334529
1225337290
1225356340
1225400146
1225400237
1225400542
1225429621
1225437673
1225446837
1225447128
1225448259
1225464379
1225466944
1225481535
1225667543
1225706035
1225727951
1225767509
1225790330
1225811968
1225812214
1225812993
1225819847
1225863939
1225866012
1225868869
1225872621
1225873057
1225873674
1225875490
1225899187
1225975499
1226107048
1226205294
1226211063
1226212881
1226219579
1226231360
1226238771
1226270755
1226287176
1226321360
1226326170
1226345899
1226350334
1226351930
1226383074
1226384791
1226676758
1226712564
1226712617
1226716113
1226724446
1226727504
1226728493
1226732140
1226740033
1226742036
1226743080
1226743958
1226745121
1226749300
1226753513
1226756089
1226759969
1226762114
1226805473
1226896402
1226930419
1226966836
1227109511
1227245455
1227368397
1227370966
1227378700
1227451215
1227454758
1227471206
1227504127
1227507052
1227622498
1227626789
1227712810
1227723223
1227740093
1227744040
1227761453
1227766358
1227766655
1227831881
1227831900
1227860429
1227903911
1227904855
1227907542
1228318726
1228401091
1228402728
1228445026
1228490633
1228511247
1228516051
1228521894
1228525364
1228526317
1228529832
1228531583
1228534553
1228535093
1228536622
1228538602
1228538880
1228541221
1228541765
1228542097
1228545843
1228546460
1228549839
1228561794
1228562622
1228594336
1228595112
1228595817
1228597229
1228711374
1228712005
1228819538
1229219135
1229242535
1229265142
1229471221
1229472793
1229473223
1229476811
1229480269
1229583274
1229583531
1229585267
1229586528
1229587435
1229588139
1229717595
1229771055
1229771311
1229823688
1229824407
1229825037
1229825167
1229825806
1229833128
1229834219
1229835602
1229836171
1229837363
1229870903
1229871997
1229889191
1229889648
1230000000
1233334336
1233463699
1233500000
1233502085
1233503929
1233513802
1233621995
1233632208
1233637165
1233637265
1233637947
1233643555
1233647790
1233665971
1233720036
1233813122
1233813267
1233985585
1234218412
1234262138
1234268879
1234271503
1234276340
1234307679
1234309831
1234313946
1234340052
1234342284
1234342870
1234347561
1234348002
1234351336
1234354658
1234358478
1234359335
1234400187
1234402006
1234409941
1234554321
1234564890
1234567856
1234638628
1234708628
1234720938
1234743162
1234751299
1234766039
1234768730
1234841129
1234855858
1234861820
1234881075
1234930074
1234954355
1234965663
1235059432
1235093656
1235330056
1235352393
1235525583
1235533671
1235537825
1235604732
1235750700
1235767545
1235767584
1235814007
1235816285
1235817027
1235833725
1235834368
1235834771
1235868695
1236354003
1236426180
1236432222
1236435975
1236436906
1236451005
1236451290
1236453880
1236461516
1236592131
1236594110
1236600892
1236605617
1236606876
1236608265
1236608551
1236609052
1236609284
1236610677
1236610833
1236611034
1236612128
1236613004
1236616096
1236621288
1236722635
1236731405
1236731463
1236739139
1236752403
1236755497
1236759951
1236762226
1236764992
1236767800
1236825549
1236826362
1236829928
1236875295
1237000000
1237239952
1237425406
1237431306
1237441947
1237473335
1237475437
1237477122
1237730072
1239611951
1239613935
1239621638
1239682188
1239682196
1239682741
1239710032
1239710057
1239710499
1239711447
1239851411
1239858990
1239891618
1239998887
1241234235
1241434307
1241434873
1241437418
1241553093
1241874573
1241875456
1241877501
1241879924
1242113120
1242233854
1242236283
1242462076
1242464367
1242513007
1242513114
1242528028
1242528823
1242529725
1242558747
1242604778
1242675606
1242690705
1242690807
1242692200
1242699551
1242702241
1242838152
1243262295
1243374595
1243378100
1243533062
1243542878
1243551661
1243552700
1243574590
1243583639
1243586306
1243603222
1243645095
1243670677
1243773231
1243775040
1243783883
1243788475
1243820240
1243829556
1243830682
1243941476
1244204822
1244321733
1244324163
1244324560
1244327202
1244344016
1244347133
1244347565
1244350619
1244370171
1244371282
1244372932
1244375627
1244376118
1244399431
1244428612
1244456160
1244520925
1244537827
1244541243
1244545585
1244547107
1244571204
1244571497
1244630597
1244811505
1244951057
1244951591
1244957866
1245231262
1245245718
1245345345
1245354338
1245356437
1245360928
1245363636
1245380458
1245392810
1245420998
1245441035
1245466646
1245494700
1245791534
1246207448
1246233336
1246235581
1246237937
1246266131
1246268243
1246417186
1246498829
1246551141
1246558978
1246590792
1246731727
1246812671
1246825105
1246828023
1246859998
1247000000
1248208669
1248361859
1248364757
1248430303
1248440729
1248490483
1248600701
1248602750
1248605399
1248716274
1249444470
1249463205
1249465556
1249510729
1249652374
1249715646
1249720888
1249767073
1249810964
1249811544
1249812769
1249814682
1249816839
1250884347
1251000000
1252321666
1252325484
1252348625
1252375257
1252412985
1252446814
1252501123
1252524394
1252596300
1252615343
1252623536
1252623899
1252664184
1252665836
1252682454
1252682550
1252688415
1252718292
1252720705
1252723929
1252726074
1252728457
1252737031
1252793456
1252846688
1252850236
1252851839
1252860784
1252874051
1252957123
1253280593
1253292877
1253305640
1253310861
1253311619
1253312235
1253312921
1253314804
1253319086
1253341306
1253345572
1253348167
1253350869
1253352266
1253353403
1253354029
1253392223
1253401769
1253402250
1253461170
1253540590
1253587180
1253591628
1253591831
1253593090
1253594632
1253596610
1253625419
1253676539
1253694927
1253699220
1253700017
1253700221
1253712001
1253713070
1253724267
1253725703
1253730506
1253738679
1253760332
1253762179
1253762881
1253769524
1253859905
1253864546
1253864842
1253869998
1253882425
1253884917
1253886829
1253890272
1253890360
1253896338
1253966680
1253986425
1253987977
1254208111
1254236043
1254245012
1254245145
1254245328
1254265267
1254292861
1254312548
1254383864
1254385764
1254392704
1254478604
1254588388
1254605353
1254610158
1254662461
1254678380
1254704506
1254706778
1254721795
1254726902
1254772992
1254820236
1254820885
1254831387
1254872061
1254872087
1254872830
1254876583
1254887322
1255429738
1255436138
1255474410
1255474993
1255479079
1255484127
1255610700
1255751071
1255764876
1255812054
1255818122
1255821044
1255822007
1255830315
1255852754
1255870054
1256320012
1256326796
1256327323
1256336774
1256351845
1256364794
1256410208
1256412885
1256414675
1256468762
1256475478
1256475982
1256516007
1256585925
1256703153
1256765598
1256781306
1256882744
1256896017
1257226654
1257249207
1257260223
1257261830
1257268577
1257275106
1257400106
1257401268
1257421810
1257422268
1257423329
1257471192
1258455797
1258456485
1258458708
1258471157
1258475046
1258789633
1258820968
1258821161
1258830675
1258834304
1258837193
1258860800
1258861734
1258880794
1259213087
1259217568
1259218320
1259571235
1259722337
1259723225
1259725011
1259725584
1259750531
1259752842
1259761085
1260212356
1260226203
1260226427
1260227343
1260271798
1260272748
1260280017
1260280337
1260591716
1260640206
1261853771
1261861782
1262228234
1262602702
1263456234
1263515330
1263720172
1263720849
1263720937
1263721227
1263733810
1263735265
1263741061
1263761918
1263823295
1263860226
1263861791
1263861810
1264334137
1264352048
1264360522
1264392005
1264394739
1264726790
1267231976
1267236601
1267781246
1268281584
1268284479
1268288100
1268410809
1268410936
1268411217
1268412815
1268415728
1268424392
1268426852
1268450505
1268452390
1268455468
1268474830
1268478732
1268479262
1268492413
1268520191
1268521921
1268523399
1268524485
1268531334
1268541590
1268550970
1268558318
1268559322
1268570900
1268671010
1268680211
1268680553
1268683291
1268684315
1268685620
1268691532
1268692733
1268726705
1268728978
1268729003
1268732694
1268754695
1268755195
1268758552
1268758686
1268765235
1268775680
1268778993
1268956000
1269492696
1269844097
1269860927
1269870910
1269871060
1269871092
1269871352
1269871528
1270122331
1270211191
1270212711
1270212955
1270213089
1270213147
1270213704
1270214911
1270215937
1270257236
1270360003
1270361301
1270368507
1270381136
1270441966
1270442159
1270486623
1270509255
1270520237
1270524776
1270580081
1270582031
1270582973
1270585684
1270586612
1270587756
1270611563
1270611917
1270627194
1270629615
1270652281
1270661574
1270663743
1270669331
1270691540
1270691900
1270759574
1270761269
1270762012
1270763703
1270763790
1270765282
1270765488
1270841128
1270873253
1270873650
1270874307
1270874583
1270874874
1270875220
1270875572
1270876610
1270877654
1270878787
1270883309
1271314377
1271328763
1271373632
1271624838
1271871096
1273019390
1273232881
1273239032
1273239063
1273277297
1273300956
1273306324
1273306621
1273383539
1273400966
1273420588
1273462094
1273476585
1273502129
1273509871
1273558006
1273558774
1273561481
1273581296
1273581937
1273595781
1273622103
1273679822
1273696903
1273735700
1273746611
1273751908
1273812790
1273837676
1273844583
1273846182
1273857449
1273881936
1273885148
1273918364
1273918850
1273959970
1273972820
1274016511
1274086053
1274089790
1274229044
1274270520
1274284641
1274305423
1274308145
1274337500
1274350831
1274401204
1274421368
1274431000
1274449299
1274457525
1274499267
1274549349
1274573811
1274574414
1274579863
1274606260
1274615309
1274661756
1274663471
1274675636
1274685957
1274717686
1274722900
1274773836
1274789642
1274815044
1274820374
1274830082
1274864999
1274882856
1274884123
1274975367
1274982266
1275000000
1275331545
1275333195
1275335040
1275371143
1275371255
1275373589
1275373604
1275374534
1275374898
1275393251
1275393391
1275540361
1275541166
1275543264
1275544560
1275602648
1275798442
1275818674
1275832514
1275835580
1275839359
1275847068
1275852242
1275852583
1275856327
1275874051
1275875334
1275876328
1275877254
1275892154
1275892454
1276408494
1276500971
1276504568
1276600766
1276689311
1277211169
1277213588
1277217826
1277218688
1277222194
1277227822
1277230202
1277312615
1277352044
1277352237
1277354821
1277355456
1277363939
1277364082
1277364120
1277365831
1277372171
1277373737
1277374358
1277413914
1277413923
1277415468
1277499030
1277622151
1277623345
1277650049
1277650659
1277653536
1277655519
1277656245
1277656883
1277754357
1277780032
1277811568
1277824702
1277824932
1277899574
1278323966
1278326294
1278422159
1278424122
1278429980
1278558668
1278654617
1278734613
1278783199
1278793688
1278795743
1279301469
1279303630
1279315248
1279408653
1279411364
1279429393
1279443605
1279445038
1279491283
1279498825
1279615874
1279653333
1279658956
1279713740
1279755200
1279757601
1279793409
1279817107
1279831774
1279874994
1279902406
1280000000
1280333333
1280811936
1280812665
1280814137
1280816123
1280818600
1280820770
1280821232
1280846300
1282420487
1282421055
1282425953
1282428157
1282455666
1282541598
1282613593
1282687127
1282702151
1282707639
1282707727
1282771009
1282773143
1282774279
1282775279
1282779376
1282779888
1282788180
1282812384
1282812933
1282831007
1282838899
1282844492
1282866054
1282867711
1283226009
1283331231
1283350053
1283517710
1283535275
1283567979
1283704848
1283712736
1283713883
1283732512
1283736807
1283761245
1284388448
1284488909
1284566852
1284747313
1284747894
1284753177
1284755348
1284763877
1284764233
1284764936
1284767014
1284789246
1284828429
1285641009
1285648856
1285770133
1285821216
1286470509
1286554288
1286586693
1286650877
1286651931
1287207135
1287207989
1287507592
1287575892
1287622067
1287622074
1287633899
1287636031
1287637968
1287638213
1287651273
1287652362
1287660462
1287676701
1287676742
1287679631
1287770373
1287772044
1288353137
1288355752
1288361219
1288371343
1288381750
1289166331
1289239996
1289303549
1290366062
1290420368
1290422394
1290423149
1290550221
1290551288
1290758675
1291408416
1291420352
1291424014
1291424945
1291425183
1291431533
1291625369
1291641302
1291690438
1291691138
1292261464
1292262233
1292264044
1292267658
1292283184
1292287569
1292287675
1292289277
1292312758
1292379004
1292541476
1292571139
1292590322
1292653137
1292655411
1292849179
1293277283
1293304135
1293401464
1293403283
1293407977
1293410638
1293435545
1293444712
1293544981
1293786250
1293823114
1293883388
1294000004
1294211867
1294213935
1294217942
1294230544
1294279019
1294310300
1294311363
1294463592
1294470859
1294822738
1294834152
1294835286
1295270034
1295402108
1295690341
1295710340
1295712217
1295721791
1295788980
1296000000
1296299635
1296334437
1296393166
1296399602
1296580315
1296583017
1296651507
1296708762
1297443005
1297624292
1298812233
1298812970
1299253640
1299401403
1299822125
1299877829
1300137669
1300722406
1301815725
1302210651
1302371117
1302531191
1302709481
1302721352
1302850967
1302864515
1302865703
1302866441
1302868023
1302868163
1302885921
1302886966
1303227139
1303242116
1303242610
1303244464
1303248163
1303249899
1303255301
1303258055
1303266042
1303269138
1303627671
1303812299
1303814478
1304239493
1304272131
1304273930
1304363449
1304367308
1304369568
1304449749
1304619263
1304700302
1304796994
1304812050
1304812309
1304823183
1304826796
1305251141
1305251173
1305264659
1305265289
1305319343
1305458530
1305562269
1305567358
1305735000
1305760110
1305772159
1305775407
1305781654
1305787458
1305826229
1305837256
1305849049
1305852392
1305852626
1305871117
1306320256
1306875550
1307000000
1308420794
1308424585
1308424697
1308427345
1308427775
1308459694
1308655718
1308897257
1309243035
1309671126
1309671197
1309801689
1310472983
1312100070
1312290258
1312300445
1312347852
1312707841
1312812743
1312854500
1312871150
1313116900
1313121509
1313321035
1313321666
1313332288
1313332850
1313332981
1313342514
1313343471
1313347778
1313397327
1313433647
1313436078
1313438007
1313460922
1313674975
1314402384
1314405353
1314414258
1314421177
1314426900
1314454395
1314496025
1314497461
1314518445
1314549326
1314567113
1314678933
1314730152
1314960470
1315205821
1315257679
1315354049
1315386810
1315390668
1315501070
1315511013
1315513138
1315524977
1315529855
1315536053
1315544757
1315545571
1315562611
1315565551
1315569633
1315588006
1316000000
1316357861
1316549730
1316575283
1316613075
1316613942
1316632105
1316639277
1316646661
1316653757
1316682953
1316695166
1316696669
1316697615
1317419129
1317838594
1318000000
1319009999
1322225383
1322227891
1322274380
1322280202
1322316043
1322330880
1322331571
1322333086
1322340541
1322347685
1322403618
1322406549
1322406623
1322407267
1322407498
1322432861
1322523514
1322529026
1322600512
1322615312
1322616485
1322626551
1322660359
1322665470
1322668967
1322669092
1322681832
1322788607
1322936561
1323000000
1323325988
1323461127
1323479171
1323479385
1323655057
1323658721
1323722282
1323730496
1323731401
1323764378
1323765640
1323832561
1323833709
1323845071
1323848897
1323897375
1323920590
1324310760
1324545454
1324553481
1324555159
1324612095
1324612612
1324632001
1324679266
1324861110
1324861340
1324896676
1325116679
1325247554
1325313823
1325319082
1325321301
1325381983
1325463110
1325487080
1326176162
1326240151
1326373855
1326376744
1326379497
1326407337
1326563155
1327352052
1327353362
1327358867
1327361234
1327640670
1327704778
1327706872
1327811673
1327866065
1327871043
1328285964
1328285967
1328777492
1329000000
1329099290
1329236234
1329236430
1329287387
1329665483
1329844027
1330825852
1332281318
1332346321
1332365943
1332380346
1332518254
1332523348
1332601136
1332668161
1332681949
1332721639
1332731423
1332756842
1332792048
1332799895
1332831231
1332842889
1332862686
1332872647
1333000000
1333301824
1333312649
1333313045
1333329837
1333360525
1333425209
1333426100
1333426478
1333451172
1334654010
1334657064
1334657676
1334838232
1334870601
1334870983
1335345788
1335346280
1335370440
1335881088
1337829660
1337860903
1339754304
1339755403
1339884092
1340000000
1340820066
1340871607
1341281116
1342323959
1342328426
1342337135
1342617414
1342810876
1342825755
1342833459
1342842554
1343319772
1343544921
1343545210
1343549933
1343614746
1344227726
1344453691
1344465912
1344516496
1344620382
1344621275
1344623135
1344625114
1344625819
1344642769
1344754785
1344774161
1344828310
1344831233
1344843175
1344865750
1344868207
1344871200
1344890802
1346511328
1346515450
1346518188
1346582869
1347261441
1347469621
1349279275
1349864746
1349877881
1350000000
1352609167
1352707220
1352712911
1352714905
1352733606
1352754420
1352758213
1352758302
1352779076
1353666110
1353675481
1353749975
1353772848
1353775013
1353776272
1354654525
1354740126
1354740650
1355226940
1355228624
1355247909
1355264466
1355301080
1355513597
1355520752
1355520898
1355593562
1355905661
1356622548
1357521250
1358510297
1358741874
1358751216
1359231549
1359233583
1359251238
1359251727
1360550257
1360551243
1360870003
1361883525
1362000000
1362421053
1362668677
1362698050
1362698666
1362821446
1362821597
1362850836
1363775255
1366000000
1366383369
1366389155
1367000000
1367240375
1367253097
1368830771
1368862199
1369704622
1371810890
1371820431
1371820432
1371830427
1371873006
1371873711
1372271486
1372275594
1372376536
1372454732
1372457509
1372458030
1372460236
1372468030
1372478820
1372740249
1373462566
1373464182
1373473880
1373834210
1373896065
1375391089
1375398865
1375672000
1375841368
1375891672
1376323755
1376348688
1376510320
1376513532
1376514506
1376516215
1376517293
1376517575
1376552732
1376584935
1376741162
1377000000
1377240631
1377253015
1377256679
1377259230
1377259448
1377272768
1379640321
1379643848
1379651666
1380722625
1380728196
1380848500
1381655289
1382204424
1382225687
1382320382
1382330687
1382388427
1382489554
1382501021
1382506774
1382523515
1382541529
1382542369
1382737791
1382739586
1382740842
1382770685
1382776725
1382778394
1382778877
1382779297
1382803455
1382815089
1382825948
1382860316
1382860647
1383306100
1383510391
1383510626
1383511842
1383512155
1383515359
1383518104
1383611301
1383694017
1383722000
1383722530
1383724369
1383730948
1383736782
1383842607
1383850906
1383881411
1384000000
1384253350
1384265876
1384279200
1384350730
1384356726
1384373030
1384441858
1384505343
1384560554
1384636786
1384673879
1384812500
1384830672
1384861927
1385000000
1386295475
1386442784
1386556768
1386641172
1386701235
1386832303
1386840629
1386853390
1386858125
1386859040
1386882327
1386882406
1387254787
1387264698
1387266071
1387720517
1387810111
1387810256
1387811200
1387811423
1387850559
1388456000
1388528328
1388718742
1388747232
1388812010
1388812882
1388814387
1388816779
1388818044
1388818971
1389382667
1389541116
1389723615
1389753397
1389757672
1389764814
1389875172
1392213817
1392255707
1392284463
1392349103
1392426024
1392679321
1392794642
1392925805
1392984635
1394270104
1394277136
1394286641
1394388792
1395367835
1395512930
1395513340
1395577140
1396000000
1397773033
1397933111
1400000000
1400281348
1403218748
1403227070
1403261369
1403262789
1403374707
1403700309
1403713703
1403741699
1403780821
1403785355
1404344599
1404823278
1405763101
1405763125
1405765357
1405765854
1405766272
1405766619
1405766929
1405831972
1405839546
1406000000
1406313800
1406423682
1407742463
1407769376
1407831081
1408634333
1409175437
1409253189
1410331533
1411889472
1412012353
1412308733
1412379952
1412391173
1412396511
1412398414
1412488330
1412748910
1412788651
1412915978
1413081070
1413163484
1413164039
1413210663
1413284701
1413339504
1413391033
1413391339
1413399857
1413533334
1413910711
1413915733
1413916292
1414040434
1414069710
1414206356
1414221399
1414238912
1414251133
1414251282
1414270613
1414274092
1414294172
1414420043
1414452319
1414456611
1414631509
1414736410
1414874360
1415244035
1415313269
1415313795
1415546237
1415572966
1415584890
1415587862
1415621983
1415625301
1415634117
1415634797
1415644325
1415645843
1415696995
1415699919
1415701065
1415711303
1415711885
1415731753
1415736489
1415812000
1415820712
1415839389
1415870145
1415888737
1416323619
1416369334
1416381725
1416388848
1416412560
1416418069
1416418169
1416442950
1416444171
1416498583
1417374527
1417706968
1417723862
1417731212
1417743690
1417745076
1417749821
1417752298
1417787242
1417788916
1418103878
1418104889
1418125274
1418401665
1418817165
1418822118
1418826733
1418828504
1418830379
1418835561
1418835907
1418838008
1418838414
1418846213
1418850024
1418894242
1418895500
1418898155
1418920123
1419422182
1419426458
1419444259
1419455229
1419545889
1419549736
1419581408
1419591653
1419593077
1419598073
1420561012
1420562434
1422247484
1422250254
1422251903
1422352398
1422368272
1422378887
1422385151
1422432516
1422836509
1422842941
1422843035
1422883722
1423360897
1423504675
1423523968
1423525097
1423540047
1423541677
1423549086
1423550147
1423550454
1423551988
1423567608
1423705106
1423800349
1423870701
1423881509
1423884187
1423885262
1424214916
1424251899
1424424244
1424431311
1424437986
1424446968
1424532727
1424539321
1424754206
1424850519
1424856856
1425272808
1425276651
1425291770
1425478217
1425611716
1425612358
1425656032
1427612733
1427616621
1427811655
1428494574
1428605527
1428605570
1428643602
1428643634
1428654730
1428729319
1429264049
1429278009
1429282387
1429291941
1429293908
1429295205
1429296375
1429400419
1429421841
1429872350
1430431782
1430470888
1430827236
1431955515
1432264574
1432359301
1432379195
1432487236
1432761588
1434604264
1434672324
1434682349
1436423779
1436678307
1436831634
1437721745
1437760408
1437763163
1438221895
1438230573
1438237903
1438350430
1438361292
1438714782
1438861754
1438869386
1440704294
1440761079
1440784910
1442252580
1442298968
1442396774
1442870361
1442971058
1443201166
1443201744
1443203356
1443203832
1443204428
1443204480
1443205181
1443207404
1443207606
1443207658
1443208022
1443209892
1443218945
1443218958
1443238787
1443400275
1443411711
1443413144
1443423481
1443424199
1443425689
1443434217
1443436332
1443472126
1443480750
1443553622
1443556812
1443558917
1443670322
1443670731
1443671253
1443672658
1443673374
1443673920
1443674864
1443674944
1443680891
1443684496
1443690182
1443691040
1443691540
1443693747
1443734166
1443774259
1443774334
1443790688
1443814940
1443836152
1443843011
1443862437
1443878827
1444242708
1444243521
1444412095
1444415522
1444831544
1444891055
1446311608
1446746987
1446792355
1449401419
1449675236
1449676559
1449723183
1449741484
1449771886
1449775601
1449780201
1450372625
1450563526
1450690131
1451822407
1451850927
1452301832
1452399190
1452417546
1452418865
1452446907
1452530762
1452597991
1452618168
1452725735
1452790478
1452862840
1452908559
1453458611
1453546877
1453548593
1453549300
1453758360
1453793950
1453824581
1453832857
1453842915
1454272474
1454275050
1454294708
1454316011
1454612300
1454632632
1454667342
1455230122
1455251900
1455284072
1455290681
1455445304
1455623110
1455641790
1455698774
1455822980
1457238896
1457764372
1457764611
1457764767
1457765310
1457833613
1457833749
1457836570
1457855319
1457861908
1457865462
1457867192
1457867550
1457870285
1457873460
1457875742
1458210145
1458441348
1458442033
1458442103
1458443019
1458443719
1458446347
1458447575
1458448021
1458835297
1458840175
1458840889
1458850005
1458850148
1458850665
1458850682
1458850846
1458851126
1458851152
1458851324
1460351464
1460929412
1461700173
1461700286
1462486101
1462616191
1462625046
1462684317
1462684463
1462730766
1463237836
1463319917
1463798402
1464820771
1465811616
1465841374
1467622235
1467625382
1470562355
1471820284
1472220464
1472233427
1472311472
1472371500
1472501239
1472505243
1472560624
1472589213
1472600112
1472603541
1472691291
1472841036
1472878200
1473399339
1473419487
1473422542
1473601513
1473690832
1473711702
1473712389
1473730815
1473738699
1473786982
1473824007
1473841143
1474327289
1474395520
1474564311
1474745635
1474749124
1474831020
1474871183
1475687372
1475716104
1475802653
1476561857
1476571390
1476576748
1476979616
1478612165
1480300506
1480350171
1480412304
1480463935
1480465804
1480471173
1480718660
1480860594
1480896811
1482325765
1482353727
1482375224
1482375686
1482442983
1482509160
1482564585
1482585888
1482642806
1482644480
1482658222
1482664033
1482679147
1482706636
1482707243
1482708349
1482712874
1482715403
1482715686
1482755111
1482781604
1482784405
1482789304
1482801900
1482831379
1482865339
1483273524
1483276726
1483327707
1483414648
1483458054
1483465217
1483486393
1483548665
1483579981
1483662744
1483725803
1483828165
1483841531
1484401570
1484640325
1484663222
1484663968
1484684747
1484685432
1484852245
1484861218
1484861477
1484867576
1484968503
1487740195
1488639706
1489325971
1489575847
1489578884
1489664254
1489781500
1489782442
1489788159
1489799395
1489878202
1492512441
1492575258
1492580017
1492580428
1492592484
1492651046
1493298120
1493308562
1493384390
1493445589
1493653285
1493656811
1493657308
1493661260
1493663085
1493663374
1493701491
1493718102
1493721836
1493731206
1493732814
1493733392
1493750047
1493750071
1493750641
1493751477
1493781929
1493782011
1493851376
1494433633
1494481527
1494484414
1494527700
1494534311
1494569068
1494728215
1494728580
1494774804
1494781510
1494783034
1494866030
1494883227
1494956392
1495215825
1495225873
1495245599
1495305025
1495307667
1495312523
1495312568
1495370872
1495445838
1495447335
1495772051
1495772516
1495774613
1495785338
1495790687
1495791855
1495792586
1495823507
1497820198
1497821421
1497821826
1497831424
1497847014
1501228807
1501701198
1501731637
1501771260
1501772719
1501772965
1501821500
1501825078
1502475155
1502563355
1502568122
1502580237
1502581812
1502674851
1502710905
1502726106
1505328748
1505346352
1505670928
1505684002
1505690360
1505696454
1505802999
1505814162
1506325936
1506376075
1506412580
1506439384
1506791114
1506798068
1506799087
1506859955
1507358020
1507477226
1507522563
1507527670
1507605308
1507838432
1508493187
1508548543
1509218512
1509239578
1509267373
1509414963
1509415438
1509551050
1509554609
1509642406
1509646289
1509767810
1509769729
1509822057
1509843154
1510156924
1510356092
1510688840
1510829161
1511022783
1511258904
1511302814
1511346041
1511873719
1511975095
1512000537
1512001859
1512005565
1512012762
1512075634
1512089072
1512200750
1512201781
1512222112
1512224212
1512285289
1512579488
1512595308
1512595643
1512603094
1512607293
1512801995
1512810869
1512814535
1512814801
1512818584
1512839090
1512843805
1512848847
1512876264
1512945139
1513068978
1513274043
1513277257
1513281340
1513349042
1513365731
1513368898
1513392064
1513394049
1513396106
1513423833
1513453149
1513560178
1513563952
1513565141
1513571537
1513636336
1513641533
1513786987
1513788462
1514107122
1514220734
1514240684
1514244933
1514281599
1514480088
1514492527
1514582896
1514585223
1514586072
1514702657
1514759218
1514826779
1515099392
1515202791
1515252121
1515256273
1515268507
1515316280
1515388625
1515481804
1515482128
1515560936
1515906469
1515986379
1516041620
1516060884
1516218854
1516303800
1516321884
1516456800
1516480926
1516481025
1516482582
1516482882
1516483001
1516483289
1516485783
1516487668
1516778939
1517002831
1517071310
1517210786
1517244466
1517374830
1517381504
1517497736
1517725334
1517771982
1517777619
1518553383
1518696502
1519039391
1519237773
1519285637
1519632752
1519810202
1519811457
1521222342
1522543724
1522548559
1522576238
1522696555
1522702533
1522721343
1522788339
1522791150
1522797634
1522850256
1522879817
1524251033
1524261966
1524262574
1524262581
1524272973
1524280104
1524415478
1524417019
1524417889
1524424472
1524585539
1524733908
1524822122
1524833306
1524840165
1524845230
1524846838
1524848408
1524923315
1525211611
1525221906
1525861069
1526353880
1526398442
1527332832
1527404296
1527450773
1527514978
1527523471
1527550290
1527550400
1527555602
1529413374
1529668700
1530450856
1530457425
1530460087
1530484672
1530811587
1530832659
1530833183
1530834368
1530835532
1531640555
1531826259
1534704359
1535210367
1535271563
1535500198
1535523668
1535600278
1535633019
1535635327
1535635817
1535642308
1535642383
1535643140
1535649450
1535652920
1535653575
1535664271
1535680624
1536400710
1536407767
1536408849
1536464140
1536540008
1536741166
1536742158
1536742780
1536762978
1536791449
1538300365
1538381282
1538383481
1538386982
1538399707
1538648976
1538723220
1538755088
1539434203
1539535831
1539620390
1539726637
1539728946
1539732208
1539734517
1539743908
1540404142
1543278212
1543325773
1543372078
1543386155
1543418616
1543467384
1543503787
1543578542
1543579167
1543579620
1543676316
1543871747
1543972807
1544583155
1545570988
1548511328
1548964356
1553066005
1553566049
1553671245
1553675712
1553679067
1553761905
1553762426
1553772204
1553810161
1553840339
1554143104
1554228913
1554228945
1554746217
1554774595
1554774870
1554810073
1554810392
1554811190
1554821884
1555750406
1555750472
1555820293
1555840459
1555842010
1555860376
1555894358
1555896757
1556338281
1556611334
1558225913
1558668916
1558822143
1558823851
1559370130
1559370796
1559371733
1560320874
1560323185
1560480002
1560783583
1562745911
1562746123
1562748530
1562754718
1562887292
1563400875
1564783813
1565653617
1565777185
1565880300
1566773701
1566786679
1568614600
1569731349
1569769169
1570470966
1570480278
1570480527
1570480960
1570482115
1572722098
1576221450
1578760627
1579325712
1579383410
1580712396
1580754616
1580881598
1582414217
1582512439
1582518800
1582654987
1582668077
1582762011
1582945790
1583431171
1590622651
1590675743
1590718411
1592260117
1592261311
1592267466
1592301933
1592329105
1592560405
1594369305
1594531368
1594670111
1594822611
1594824745
1594844784
1594860017
1598752699
1600332105
1600460830
1600614180
1600713778
1600715473
1600750299
1602284808
1603286286
1603335757
1603404686
1603471522
1603490869
1603550231
1603619262
1603716152
1603717648
1603729918
1603734533
1603869691
1603876310
1603926396
1604201404
1604245954
1604408454
1604458090
1604458448
1604458835
1604464906
1604499381
1604510822
1604628603
1604634478
1604767108
1604770427
1604823085
1604831580
1604832459
1604864247
1604880742
1606246369
1606270910
1606550729
1606553965
1606554682
1606591233
1606596689
1606625010
1606664923
1606737653
1606781890
1606783948
1606835133
1607269594
1609770793
1609774612
1609776555
1609777486
1609779412
1609780102
1611771437
1612115024
1612149753
1612179913
1612184824
1612187454
1612242705
1612364311
1612381715
1612441564
1612480575
1612563075
1612644812
1612703207
1612791937
1612822058
1612835896
1612837824
1612842415
1612868719
1612870336
1612873834
1612911467
1612922094
1613012543
1613013196
1613013252
1613037541
1613037561
1613037623
1613039223
1613082308
1613121420
1613129613
1613208816
1613209576
1613300381
1613305118
1613379940
1613385769
1613387872
1613388554
1613432060
1613433836
1613450115
1613510323
1613511516
1613595959
1613622236
1613660415
1613669702
1613700796
1613702755
1613708462
1613711578
1613800021
1613806857
1614127421
1614273875
1614274480
1614276518
1614285182
1614294500
1614296084
1614297119
1614344839
1614349508
1614371945
1614373981
1614428266
1614428428
1614481088
1614490491
1614499473
1614561938
1614562573
1614562932
1614568910
1614603659
1614650640
1614656428
1614784990
1614833436
1614836977
1614837393
1614845851
1614851178
1614860845
1614933618
1614940874
1614945117
1614947777
1614992468
1614999545
1615098503
1615130069
1615237029
1615330366
1616120291
1616121155
1616129310
1616149277
1616204189
1616208797
1616243768
1616264143
1616273286
1616299875
1616335081
1616335412
1616336240
1616371760
1616523224
1616526942
1616529793
1616549645
1616613076
1616673686
1616702215
1616703605
1616787457
1616816032
1616824523
1616827883
1616836913
1616841917
1616885404
1617032103
1617072172
1617183072
1617186142
1617206119
1617233343
1617288131
1617404305
1617406654
1617431326
1617478080
1617478362
1617481181
1617482239
1617485600
1617553778
1617558561
1617592908
1617638658
1617662710
1617665612
1617739017
1617750918
1617753937
1617759389
1617853581
1617889008
1617889850
1617904941
1617906918
1617924963
1617932424
1617946892
1617954052
1617955881
1617957747
1617976912
1618310190
1618353565
1619029796
1619150478
1619158757
1619159571
1619176645
1619282160
1619458083
1619458821
1619481307
1619763176
1619980660
1619985679
1619988372
1620890575
1621124399
1621346337
1621772582
1621774023
1621856002
1621893682
1622299820
1622662030
1622716279
1622717018
1622725746
1622735642
1622746462
1622754666
1622757214
1622812715
1622815212
1623367247
1623400665
1623430097
1623454720
1623455377
1623462562
1623473151
1623484924
1623556040
1623613922
1623633251
1623644896
1623644918
1623653740
1623659236
1623659760
1623661896
1623721614
1623722037
1623751417
1623758357
1623795059
1623860899
1623861511
1625251229
1625261429
1625422175
1625424015
1625426962
1625430916
1625433268
1625478918
1625522144
1625524323
1625524472
1625524500
1625525128
1625526280
1625526659
1625528174
1625530202
1625531213
1625560457
1625574271
1625582172
1625613908
1625616516
1625669223
1626437538
1626626347
1626676606
1626835416
1626865759
1626872585
1626888131
1628477067
1628541668
1629650244
1630647277
1630656213
1633220772
1633234420
1633278375
1633278982
1633300856
1633401312
1633440704
1633660992
1633661098
1633676751
1633858097
1633860205
1633895815
1633967930
1634250298
1634256798
1634270790
1634405543
1634575307
1634717159
1634724772
1634730887
1634735499
1634738019
1634819513
1634838638
1635229263
1635842540
1635865438
1636676509
1636676649
1636700504
1636701730
1636702731
1636703062
1636707005
1636812191
1636814035
1636819819
1637482648
1637881814
1638526150
1638665733
1638666134
1639697261
1639770722
1639790107
1642287007
1642290321
1642314205
1642441012
1642452882
1642471184
1642478498
1642630778
1642647219
1642649334
1642674111
1642761756
1642769472
1642786850
1642806022
1642824289
1642870430
1642885660
1642894365
1643706790
1643805001
1644087199
1644317053
1644450267
1646278772
1651872288
1652633905
1652649088
1656655742
1656658073
1656710010
1656714633
1656721889
1656722621
1656731420
1656733198
1656733498
1656735567
1656736701
1656737689
1656749687
1656786463
1656870359
1656872399
1656881029
1656890293
1658230694
1663719881
1663732780
1663734146
1663742328
1663745756
1663747004
1663762248
1663762554
1663764436
1664454929
1664569932
1664668379
1664840009
1665602218
1665604013
1666827567
1666829597
1668219580
1670227477
1670354699
1670365471
1670500610
1670511476
1670714482
1670715208
1670731987
1670787248
1670811005
1670814794
1670818323
1670841108
1670854236
1671322149
1672519263
1672564433
1672852362
1673844300
1673860837
1678521700
1683220582
1683220927
1683225315
1684274212
1684274432
1684561250
1684575947
1684576558
1684577529
1684892350
1685373031
1685373708
1685375944
1685387393
1685550069
1685551527
1685652235
1685814063
1685844139
1685845120
1685874601
1688400597
1689820109
1689826160
1691444325
1691587354
1691774518
1692407289
1692531322
1692650784
1695227373
1695557337
1695559595
1695622901
1695627385
1695729581
1697331918
1697332015
1697332295
1697333023
1697345618
1697349667
1697349778
1697361223
1697361480
1697371953
1697744222
1698262184
1698262991
1698309381
1698321993
1698322901
1698323156
1698340788
1698356451
1698361622
1698381662
1698402920
1698420703
1698591598
1698737649
1698832991
1698853201
1698858513
1698862889
1698870612
1698884876
1698888225
1698889733
1698910233
1698911281
1702201415
1702294355
1702294792
1702295567
1702299138
1702332211
1702392533
1702527499
1702547746
1702589970
1702617787
1702711181
1702713858
1704628400
1704808074
1704822471
1704832989
1706211194
1706221889
1706290071
1706291084
1706351783
1706352740
1706356471
1706374720
1706379896
1706524776
1706525388
1706525636
1706526142
1706551845
1706565884
1706586187
1706600181
1706645089
1706646733
1706647618
1706647686
1706658691
1706672198
1706710567
1706719381
1706759528
1706821384
1706841165
1706844853
1706846144
1706860998
1706882282
1706882449
1706882537
1707383982
1707645670
1707656388
1707664442
1707800361
1708252859
1708341754
1708373237
1708379353
1708402255
1708445846
1708459517
1708508636
1708524991
1708528790
1708552930
1708554494
1708677744
1708701798
1708721792
1708739731
1708751987
1708850562
1708862304
1708864935
1709234230
1709259656
1709320533
1709363950
1709470073
1709531900
1709533554
1709542571
1709545033
1709559066
1709586724
1709701064
1709801009
1709821339
1709830373
1709839992
1709852382
1709853294
1709870150
1720177797
1720206425
1722273140
1722325998
1722331890
1722341906
1722679927
1722782686
1723370405
1723370419
1723372958
1723374937
1723583574
1723862753
1723865102
1724341822
1724407198
1724710297
1724720042
1724733652
1724761345
1724761379
1724762921
1724763040
1724856302
1724858213
1724866902
1725117231
1726824705
1726824948
1727753945
1727810663
1727831692
1727840535
1727857157
1727858931
1728628201
1728648282
1728685758
1728720175
1729830270
1730266831
1730440598
1730858979
1732321646
1732451032
1732453952
1732457752
1732506199
1732523240
1732642053
1733202472
1733246365
1733326954
1733348462
1733458641
1733559167
1733567148
1733573383
1733666854
1733750474
1733777818
1735614588
1736793063
1736794285
1737201526
1737213200
1737215835
1737216756
1737351095
1737353131
1737420160
1737770970
1737831368
1737832189
1737948345
1738443400
1738625264
1738631976
1738637379
1738813599
1740523450
1743017371
1743221620
1743246371
1743248733
1743249890
1743344631
1743353423
1743354480
1743356568
1743358446
1743359926
1743367579
1743449622
1743620347
1743860612
1743872140
1744309037
1744309724
1744322832
1744451451
1744451687
1744602328
1744602471
1744604336
1744605466
1744610599
1744611723
1744630689
1744636054
1744678780
1744730745
1744733371
1744734866
1744738807
1744752028
1744753656
1744756924
1744758442
1744812351
1744814979
1744884525
1744894322
1744894648
1744895358
1745730382
1745814908
1745889448
1746862245
1747728191
1748519597
1749342953
1749343140
1749572185
1749572669
1749572738
1749671036
1749671955
1749672294
1749675519
1749678120
1749679053
1749850118
1749850148
1749850242
1749850363
1749850370
1749850419
1749850608
1749850826
1749850854
1752206681
1752211567
1752240757
1752242668
1752250285
1752294642
1752297214
1752298747
1752301397
1752310930
1752313515
1752363396
1752434145
1752500997
1752657357
1752690037
1752690155
1752704155
1752770684
1752777296
1752780553
1752783168
1752788311
1752837550
1752965536
1753532129
1753537741
1753545595
1753571750
1753596004
1753596611
1753642540
1753852532
1753861788
1753863330
1753863752
1753865718
1754034320
1754481763
1754761434
1754880435
1756749858
1756794173
1756795618
1757241834
1757267140
1757600980
1757704816
1757709445
1757709558
1758614512
1758730261
1759114608
1760721257
1760723769
1760725189
1760725365
1761241696
1761410415
1761410711
1761411454
1761412302
1761414276
1761414380
1761418804
1761418920
1761431971
1761470541
1761632574
1763261222
1763261872
1763272297
1764670062
1765602081
1765602110
1765609235
1765690551
1765690590
1766610006
1766810881
1767317454
1767318654
1767601474
1767686219
1767692033
1768428326
1768480993
1768864458
1768864819
1768866280
1768870337
1768898719
1769561183
1769573616
1772298014
1772315625
1772324030
1772368036
1772426065
1772454559
1772467085
1772490508
1772501135
1772614101
1772633468
1772633530
1772634111
1772634230
1772653913
1772672117
1772684603
1772687274
1772783509
1772783709
1772784842
1772784985
1772788620
1772814103
1772862551
1772862688
1772882294
1773270284
1773431834
1773461907
1773521238
1773590199
1773604631
1773715433
1773742351
1773782048
1773782256
1773782359
1773788208
1773819226
1773827150
1773846260
1773856743
1773860650
1773861352
1773863662
1773872758
1773873094
1773873485
1773873846
1775766479
1776410427
1776703556
1776705552
1777543334
1778341724
1778347279
1778347901
1778349016
1778423920
1778425977
1778590623
1778782279
1779474455
1779478627
1779821851
1780322810
1780753263
1780753605
1780753926
1780766445
1782182326
1782206466
1782220276
1782223822
1782223828
1782265181
1782300931
1782303338
1782312170
1782313765
1782318082
1782323704
1782336777
1782379022
1782395911
1782396134
1782396950
1782397168
1782410862
1782411471
1782415211
1782415369
1782415830
1782437302
1782505466
1782511673
1782513984
1782514985
1782518707
1782523365
1782561230
1782562733
1782576650
1782577566
1782594327
1782618700
1782628479
1782635425
1782659936
1782698002
1782710828
1782720926
1782722025
1782747087
1782752182
1782761897
1782769309
1782771602
1782776506
1782786325
1782787570
1782799277
1782815690
1782844446
1782845645
1782847714
1782848829
1782866385
1782868806
1782874017
1782909083
1782924636
1782926204
1782941067
1784240017
1784466325
1785211334
1785246197
1785248245
1785409983
1785615584
1785665569
1785824879
1785840561
1785851100
1786480603
1786561268
1786825787
1786832793
1787210231
1787370889
1787376256
1787472669
1787478097
1787581603
1787581836
1787882280
1788510080
1788521062
1788574342
1788579184
1788823465
1789267026
1789333169
1789601092
1789612264
1789778659
1792202800
1792207825
1792229288
1792232332
1792234297
1792390232
1792390514
1792416375
1792417828
1792419563
1792419907
1792424110
1792425623
1792461472
1792515428
1792520874
1792522484
1792528554
1792533909
1792540157
1792548987
1792551987
1792606591
1792620438
1792650778
1792701914
1792771425
1792772320
1792775015
1792815391
1792860621
1792872777
1792873786
1792882401
1792883557
1792883572
1792885154
1792892286
1792895281
1792895754
1792895786
1792896290
1792898650
1792983029
1793321244
1793491657
1793511616
1793523957
1793635405
1793693494
1793724336
1793762035
1793770224
1793855073
1793867004
1795420021
1795469127
1795471325
1795479722
1795481717
1795485638
1795530106
1795535902
1795554311
1795661303
1795873221
1795880897
1797227820
1797252290
1797363799
1797367402
1797367701
1799513103
1799518059
1799542299
1803203321
1803292132
1803314048
1803314114
1803521052
1803521286
1803524113
1803526186
1803550790
1803607725
1803669241
1803712447
1803863967
1803867143
1805621319
1808521464
1822616326
1822618932
1822840221
1822853419
1823253313
1823253468
1823270957
1823272944
1823282639
1823342204
1823490077
1824705742
1824750642
1825371855
1825765445
1827262214
1827319982
1827705251
1827705491
1827873728
1829250623
1829732269
1833637917
1835864371
1837871450
1840212555
1840230347
1840230470
1842752117
1842756823
1842821315
1842963371
1843587772
1843869260
1844291661
1844345182
1844351105
1844886258
1845615737
1851705071
1851841273
1858465326
1862425100
1862596345
1862892486
1862893025
1862894388
1864115134
1865247735
1865260600
1865407693
1865428519
1865454380
1865477777
1865764844
1865766674
1865779571
1866106770
1869347652
1869347927
1869991949
1870385410
1871579416
1872271360
1872496821
1872698077
1872863713
1873531189
1873812508
1873830063
1873852837
1873856875
1874610202
1874623008
1874624729
1875510295
1875614966
1875616657
1875812215
1875813282
1875815926
1875898926
1883714030
1884254315
1886832604
1889506178
1889507159
1889566007
1889578400
1890916761
1892315984
1892533557
1892548774
1892675599
1892750363
1892862071
1895673322
1895676264
1895760604
1895833256
1896750382
1900379052
1902326455
1902558940
1902609399
1902671637
1902676532
1902677708
1902677801
1902678507
1902682437
1902725231
1902755717
1902820720
1902825178
1902880405
1903248838
1903267727
1903413349
1903529138
1903535679
1903552277
1903713628
1903770553
1903815995
1903817155
1903820505
1903856744
1903871305
1904731323
1904792456
1904793928
1905351204
1905371595
1905428121
1905453047
1905621067
1905774644
1908257393
1908477202
1908533288
1908542381
1908564944
1908610564
1908665544
1908678047
1908722103
1908738774
1908867233
1908997067
1909318588
1909483184
1909486160
1909486920
1909497777
1909720878
1909724104
1909771449
1910616757
1912025510
1912093683
1912371439
1912372434
1912376279
1912376354
1912377521
1912513553
1912526887
1912567865
1912572439
1912574339
1912579425
1912581418
1912587699
1912596297
1912634256
1912637363
1912652666
1912653109
1912708650
1912715800
1912800971
1912801527
1912809191
1912809346
1912809466
1912809812
1912844404
1912854895
1912872820
1912891077
1912893378
1912894314
1912895183
1912895543
1912895720
1912901385
1912902469
1912929297
1912953962
1912980756
1913406718
1913668162
1913700260
1913711900
1913732209
1913842783
1913843177
1913849795
1913852208
1913863047
1913882459
1914132496
1914193356
1914216962
1914233743
1914253925
1914311624
1914326211
1914403498
1914423041
1914525616
1914540703
1914770713
1914821687
1914871959
1914873915
1914887806
1914960983
1915120905
1915169495
1915180504
1915190044
1915190504
1915191272
1915280935
1915288758
1915373662
1915498317
1915515927
1915516972
1915655378
1915818301
1915864213
1915865838
1916596746
1916701805
1916703808
1916708175
1916820415
1916822651
1916827670
1917118610
1917960473
1918235329
1920412756
1920460911
1921297733
1922406603
1922408760
1922442462
1922513711
1922614754
1922614786
1922701795
1922713241
1923256676
1923262845
1923338000
1923464708
1923540960
1923630843
1923771419
1923823151
1923893700
1924219653
1924240143
1924262518
1924277574
1924281972
1924363971
1924383868
1924472573
1924485711
1924493395
1924503158
1924511351
1924511370
1924513828
1924520207
1924576185
1924628240
1924699228
1924726495
1924871318
1925229204
1925287716
1925291152
1925294780
1925481193
1925483752
1925492054
1925495472
1925495943
1925496736
1925498229
1925564698
1925635565
1925658365
1925726281
1925728723
1925791363
1925805156
1925813381
1925816876
1925820930
1925824138
1925828780
1926258955
1926339136
1926400734
1926407854
1926436010
1926612009
1926865985
1928497067
1928561177
1928574644
1928580873
1928725527
1928772692
1928779399
1928788602
1929423438
1929551511
1931712518
1932230940
1932242464
1932267589
1932349301
1932489789
1932783845
1932856972
1932863465
1933222002
1933232160
1933312725
1933411290
1933664283
1933667521
1933713273
1934512636
1934519924
1934614893
1934620199
1934709402
1934712967
1934813155
1935414949
1935671970
1935812233
1935812997
1935823800
1935824814
1935881122
1937582690
1937843106
1937845287
1937845817
1939235443
1942203440
1942205961
1942208862
1942212956
1942215315
1942234088
1942237193
1942241408
1942245953
1942254741
1942256108
1942260103
1942269400
1942322386
1942510439
1942510656
1942516433
1942522530
1942550958
1942569581
1942588666
1942703476
1942729791
1942733162
1942740156
1942743414
1942745478
1942749747
1942791560
1942874864
1942876122
1942876876
1942887672
1942893027
1943461144
1943463420
1943607794
1943863638
1943969381
1945351394
1945429060
1945581959
1945780432
1946590373
1946820046
1946820840
1946823222
1946830831
1948258335
1948410004
1948667413
1948861418
1949842168
1949842551
1949843145
1949850431
1949860213
1950477460
1952247867
1952403340
1952597945
1952670610
1952933668
1953548888
1953571653
1953602268
1953603050
1953799102
1953883903
1953941330
1954200228
1954201063
1954211103
1954250233
1962711739
1962732076
1962732203
1962733633
1962733924
1962851058
1962851664
1962866122
1962880589
1963210412
1964682540
1967421282
1968676712
1968768225
1970611419
1970627919
1970820405
1970871740
1970890384
1974831007
1975651386
1977556385
1977614854
1977616412
1977672508
1977683713
1977709649
1978291100
1978366784
1978751932
1978757107
1978821656
1978853613
1978854970
1980624588
1981500250
1982560635
1983157048
1983282644
1983294802
1983523878
1983524101
1983565344
1983741022
1983760165
1983811478
1983840497
1983866099
1985213072
1985220621
1985439992
1985846383
1985988913
1986798107
1986892709
1989389087
1989566390
1992442525
1992500009
1992573196
1992581958
1992610485
1992707130
1992719806
1992760793
1992768998
1993704189
1993705261
1993708607
1993772891
1993773488
1993852918
1993882544
1995603678
2026159859
2027859094
2030051722
2030262440
2030265133
2030483355
2030530054
2030869055
2031502185
2032054376
2032909780
2033201576
2033537120
2033977360
2034174887
2034253577
2034301233
2034301235
2034415733
2034417648
2034750217
2034752543
2034906709
2035243555
2035304140
2035405821
2035442300
2035494166
2035902249
2035981206
2036206470
2036326429
2036522568
2036677632
2036950200
2036958428
2037198595
2037281742
2037284059
2037301600
2037908383
2038041540
2038076487
2038078414
2039051938
2039051957
2039085000
2039229056
2039301252
2039350823
2039438580
2039624951
2039650335
2039701830
2039885060
2041070250
2045073338
2045476227
2045572248
2045572268
2045573304
2045575294
2070050432
2070358125
2070454925
2070525648
2070588984
2070760150
2070762106
2070812755
2070861348
2071182242
2071210020
2071228937
2071282022
2071761927
2071927426
2072033687
2072035112
2072055054
2072216339
2072250388
2072280977
2072286111
2072305223
2072353888
2072362400
2072495856
2072522931
2072548396
2072661123
2072701044
2072736997
2072763293
2072864499
2072881102
2073222410
2073288883
2073373552
2073591954
2073621733
2073748000
2073804100
2073837804
2073917185
2073985129
2073985155
2074049346
2074061131
2074240870
2074490312
2074516930
2074742219
2074821753
2074851522
2074883456
2074969047
2075096600
2075117377
2075223793
2075458343
2075896300
2075902756
2076024433
2076096043
2076245597
2076310523
2076350054
2076394763
2076600856
2076615386
2076639825
2076808100
2076868193
2077142307
2077281199
2077507523
2077824100
2078195800
2078266512
2078283577
2078322967
2078335389
2078339627
2078371992
2078407920
2078489054
2078611454
2078678959
2078747496
2079221449
2079269114
2079287139
2079460443
2080444099
2080610767
2080727015
2080863182
2080895843
2081176127
2081236472
2081442662
2081448193
2081786888
2081959785
2082010806
2082030632
2082030670
2082031105
2082032929
2082040995
2082228894
2082243257
2082328636
2082442482
2082458915
2082553837
2082633062
2082657515
2082798599
2082863770
2082889233
2082962000
2082996024
2083001697
2083002172
2083040017
2083049231
2083061806
2083103143
2083104314
2083117723
2083156984
2083181242
2083189785
2083201004
2083258551
2083304615
2083375952
2083399207
2083400590
2083430540
2083557747
2083659395
2083664613
2083670444
2083870648
2083871912
2083911881
2083919287
2083933779
2083940834
2083975004
2083987799
2083989491
2084064049
2084420423
2084444373
2084499987
2084502288
2084511947
2084514668
2084522597
2084581133
2084595906
2084612777
2084624050
2084673822
2084690983
2084693760
2084710570
2084721134
2085036837
2085051642
2085071412
2085080441
2085083503
2085175834
2085200005
2085215826
2085216833
2085244743
2085274913
2085279224
2085295710
2085300392
2085301430
2085308594
2085313939
2085395908
2085465783
2085470033
2085491840
2085506255
2085514690
2085520898
2085528284
2085544366
2085544890
2085560612
2085605785
2085749235
2085752187
2085780184
2085793768
2085797766
2085833468
2085917227
2085958757
2085993330
2086415499
2086420626
2086448932
2086459008
2086474141
2086497911
2086515876
2086656138
2086693831
2086694137
2086742770
2086774818
2086837610
2086862080
2086904493
2086931432
2086970353
2086985560
2086995555
2086999660
2087071353
2087083449
2087190060
2087379427
2087535598
2087616397
2087679255
2087778098
2087801292
2087899164
2087944047
2088000424
2088047861
2088050451
2088218835
2088399453
2088401996
2088459603
2088514677
2088546760
2088549882
2088558560
2088563907
2088573832
2088642036
2088701117
2088766633
2088810371
2088924074
2089037623
2089072770
2089075726
2089076612
2089416543
2089436966
2089447144
2089464845
2089472256
2089477653
2089481043
2089491765
2089537748
2089548813
2089595311
2089619074
2089643348
2089657798
2089680558
2089687180
2089697695
2089699698
2089798870
2089847049
2089881211
2089897487
2089923561
2089956526
2089973635
2262466594
2316676065
2365126058
2380235221
2380254326
2380267172
2380273606
2380274848
2380320123
2380367267
2380390435
2380435813
2380483962
2380632544
2380739635
2380813401
2380865556
2380866344
2381143478
2392177492
2392253637
2392371481
2392388478
2392412669
2392413734
2392432844
2392466367
2392499406
2392520529
2392584220
2392588249
2392637898
2392695971
2392731972
2392784950
2392816682
2392822641
2393070678
2403504259
2405016818
2405771148
2476313067
2476313390
2476315738
2476318730
2476362316
2476362686
2476385741
2476610845
2476614369
2476730063
2476730789
2476854679
2477714443
2478614413
2479166824
2555555555
2556739415
2699585573
2715021727
2800869862
2804513193
2804657328
2817947381
2825567197
2825820712
2825821842
2828341107
2830260235
2830830927
2830860557
2837525814
2837539030
2837539443
2837728282
2839000000
2840669827
2841754665
2843768685
2861486808
2866329054
2867721284
2868641665
2870344211
2871262590
2871265252
2871314470
2871347486
2871353380
2871382658
2871383754
2871810699
2879418922
2880758545
2881351998
2881661452
2881661861
2881671588
2881671667
2881678891
2882242514
2882246542
2887312054
2887738441
2887747286
2887753362
2887789012
2890292027
2890408869
2890416242
2890487054
2890587782
2890604583
2890605374
2890641924
2890777600
2890864220
2890915402
2891247105
2891274285
2891853007
2892640602
2894473654
2896002309
2897228231
2897952730
2899435110
2904524256
2920210579
2920211651
2920217293
2920231833
2920251134
2920313684
2920337620
2920365200
2920494123
2920595056
2920626455
2920657898
2920704073
2920766606
2920766716
2920795124
2920795529
2920842922
2920862798
2921155401
2921159294
2922405763
2922418651
2922802962
2929744557
2954567965
3000123659
3000727962
3000762664
3000988630
3002371663
3005210018
3006782106
3006818582
3008696727
3013950870
3015543009
3015751849
3019082797
3025817309
3027487704
3028031037
3034190625
3034625911
3034908670
3036659566
3047432832
3049293104
3052033918
3058039680
3067378186
3074545400
3077020690
3087078792
3092554767
3092623422
3098654705
3104045071
3115431343
3148007849
3162817233
3260710272
3292290477
3294231468
3300461682
3300461705
3300462717
3300465522
3300465667
3300466645
3300468807
3300470043
3300471888
3300471912
3300472563
3300472745
3300473016
3300473248
3300473411
3300473655
3300473946
3300474374
3300474542
3300474835
3300475146
3300475701
3300476250
3300476403
3300477479
3300477716
3300477984
3300478326
3300478736
3300479005
3300479459
3300479521
3300479734
3300479889
3300479919
3300480530
3300481115
3300481731
3300482016
3300482204
3300482937
3300483177
3300483732
3300484056
3300484403
3300484878
3300485473
3300488317
3300488542
3300488730
3300490850
3300490935
3300491563
3300491986
3300492064
3300495076
3300496017
3300496351
3300497337
3300497656
3300497671
3300498642
3300499758
3301094809
3302023563
3302235115
3305877135
3311216699
3314232415
3320238892
3322332498
3322833180
3326993937
3330146649
3331987061
3332900328
3333034551
3333446777
3335555588
3335779565
3336306702
3344856576
3353300510
3357760090
3368058630
3368251669
3369780521
3400638814
3407158936
3407987762
3408656630
3417466820
3420135656
3420647200
3427676610
3437634483
3448002777
3449209992
3452301810
3454504502
3456779795
3462059355
3473034107
3474142666
3474249791
3475904092
3476544342
3479002526
3479413922
3482251823
3484400040
3487098157
3494886740
3494946412
3497018534
3497077960
3512486397
3535696492
3664710272
3701417557
3705556669
3706425569
3707359659
3707383963
3718107502
3785930590
7101435208
7109429094
7111737223
7120872482
7123561235
7124096802
7125412088
7128876872
7129701804
7132490428
7134837501
7138296979
7142693100
7145626293
7147676009
7169361074
7171856096
7172881717
7178824717
7184991910
7196508117
7210837825
7240229395
7247550353
7256324258
7256668719
7257250626
7262215057
7264323484
7284261710
7289995178
7292941502
7318405905
7321489541
7326927326
7358293239
7364453571
7364538868
7369467010
7390817474
7600830376
7601355179
7602326700
7602456124
7603804638
7634812117
7635754217
7635987512
7636289605
7648092246
7650551357
7654765342
7656260178
7663482123
7673192006
7682738288
7692991717
7991912175
7994813144
